locus1	locus2	locus3
3	0	0
3	0	0
3	5	1
3	5	1
0	1	0
2	0	0
0	5	1
1	5	0
3	5	1
2	11	2
2	12	2
0	0	1
3	5	1
2	15	0
3	5	1
3	0	1
3	5	1
0	6	1
0	11	2
0	6	1
0	11	2
0	11	2
0	11	2
3	5	1
2	2	2
0	11	2
0	5	1
3	5	1
2	0	0
3	0	0
3	0	0
3	5	1
2	15	2
3	5	1
0	5	0
3	0	1
3	0	0
3	6	1
3	6	1
3	5	1
3	5	1
3	6	1
3	0	0
3	0	0
3	5	1
0	6	1
3	6	1
3	5	1
3	5	1
3	0	1
3	6	1
2	14	3
2	3	2
0	12	3
2	13	2
0	2	2
2	11	2
3	5	1
3	5	1
3	5	1
3	5	1
3	7	1
2	2	2
0	0	1
0	0	1
2	12	4
0	5	0
3	5	5
3	5	1
3	5	5
3	5	1
2	16	3
0	17	3
0	5	1
0	5	1
3	0	0
0	0	1
3	5	1
3	5	1
3	5	1
3	5	1
3	5	1
3	0	0
3	5	1
3	5	1
2	14	3
2	12	2
3	5	1
3	5	1
0	5	1
0	3	2
3	5	2
0	11	1
0	5	1
0	5	4
2	8	1
0	5	1
3	5	1
0	5	1
0	5	1
0	5	1
3	7	0
3	5	1
0	17	3
0	10	2
2	9	2
4	4	2
2	16	0
2	12	2
2	2	2
2	12	2
3	5	5
3	5	1
3	5	1
3	0	0
0	12	0
0	0	1
3	5	1
3	5	1
0	5	0
3	5	1
3	5	1
2	9	2
3	5	1
3	5	1
3	5	1
0	5	1
0	15	3
3	5	1
3	5	1
3	5	1
3	5	1
3	5	1
0	5	5
3	5	1
3	5	1
3	5	1
2	9	2
0	12	2
3	6	1
0	11	2
3	5	1
	
