individual	x	y	locus1	locus2	locus3	locus4	locus5	locus6
1	0	0	72	94	91	107	121	73
2	0	0	72	94	91	101	121	72
3	0	0	76	98	95	97	121	76
4	0	0	76	94	95	91	121	73
5	0	0	74	98	101	91	121	74
6	0	0	76	94	95	101	121	73
7	0	0	72	94	91	101	121	74
8	0	0	72	98	95	105	121	76
9	0	0	72	104	91	91	121	74
10	0	0	72	94	101	91	123	73
11	0	0.8	74	106	95	107	123	74
12	0	-1.1	76	94	95	107	107	74
13	-0.1	-1.5	78	98	91	91	107	73
14	-0.6	-1.5	72	100	91	101	121	73
15	-0.8	-1.5	80	100	95	91	121	76
16	-2	-1.5	80	96	91	91	121	74
17	-2.3	-1.5	76	100	95	107	107	74
18	-2.5	-1.5	80	106	95	91	121	74
19	-2.8	-1.5	80	94	93	107	121	76
20	-3.1	-1.5	78	94	95	107	123	74
21	-7.6	-2.5	82	98	91	91	121	73
22	-7.9	-2.6	80	104	95	91	121	76
23	-8.1	-2.7	82	98	95	91	121	76
24	-8.6	-2.9	80	100	95	107	121	76
25	-9	-3	78	98	95	103	121	76
26	-10.5	-3.4	80	94	91	93	121	73
27	-10.5	-3.4	76	96	91	91	121	74
28	-10.8	-3.5	76	104	91	107	121	73
29	-12	-3.5	80	100	93	93	121	73
30	-14.2	-3.5	74	100	101	91	109	74
31	0	-1.4	82	94	91	93	121	76
32	0	-1.4	76	94	91	91	121	74
33	0	-1.6	82	94	95	107	121	73
34	-0.1	-2.1	80	98	91	91	105	73
35	-0.1	-2.1	72	98	91	91	121	74
36	-0.1	-2.1	72	100	91	107	121	74
37	-0.4	-2.3	72	94	101	91	123	73
38	-0.4	-2.3	72	100	91	107	121	73
39	-0.4	-2.3	72	94	95	107	121	73
40	-0.4	-2.3	72	94	91	93	121	74
41	-0.9	-2.8	80	108	95	107	121	73
42	-0.9	-2.8	72	100	95	107	121	74
43	-1	-2.9	76	94	95	107	121	76
44	-1.9	-3.7	80	96	91	107	121	72
45	-2	-3.8	78	96	95	107	121	73
46	-2	-3.8	76	94	95	93	121	73
47	-2.1	-3.9	78	94	95	101	121	73
48	-2.1	-3.9	74	100	91	91	121	73
49	-2.1	-3.9	72	94	95	107	121	73
50	-2.5	-4.1	78	104	95	107	121	73
51	-2.7	-4.3	78	108	95	101	121	74
52	-2.9	-4.4	78	108	91	91	121	70
53	-3	-4.5	72	100	95	103	121	73
54	-3.1	-4.6	72	94	95	107	121	72
55	-3.2	-4.7	76	94	95	91	123	73
56	-0.6	1.2	80	100	91	91	121	72
57	-0.7	1.3	80	98	95	91	121	73
58	-1.3	1.8	80	96	91	107	121	73
59	-2.9	3.3	80	94	91	107	121	73
60	-3.2	3.7	78	100	91	107	121	72
61	-3.2	3.7	76	94	95	107	121	72
62	-8.3	8.3	80	98	95	91	121	73
63	-9.5	9.6	80	94	95	107	121	73
64	-9.5	9.6	76	100	95	107	121	72
65	-9.7	9.8	78	94	95	107	121	72
66	-10	10	80	94	95	91	121	73
67	-10.3	10.4	80	94	95	91	121	73
68	-11.7	11.9	86	94	95	91	121	72
69	-12	12.1	78	94	91	91	121	72
70	-12	12.2	74	94	91	107	121	73
71	-12.9	-12.9	80	100	101	91	121	74
72	-13	13	80	94	95	107	121	72
73	-5	10	72	94	95	101	121	72
74	-2.9	13	80	94	91	107	125	72
75	-2.2	14	80	98	91	91	121	73
76	5.2	23.2	80	94	91	101	121	73
77	-7.9	2	80	94	91	101	113	73
78	-8.1	1.8	80	94	91	91	121	73
79	-8.2	1.6	80	94	91	107	121	73
80	-8.4	1.4	80	94	93	107	121	72
81	-8.5	1.3	74	94	91	91	121	73
82	-8.6	1.2	72	98	95	89	121	72
83	-8.7	1.1	78	94	91	89	121	73
84	-8.8	0.8	76	100	97	107	121	73
85	-0.2	2.2	76	94	89	107	121	72
86	-0.1	2.5	74	100	91	97	121	73
87	0	2.7	80	100	91	91	121	72
88	0.1	2.9	74	100	91	89	121	73
89	0.1	2.9	72	100	91	107	121	72
90	0.1	2.9	72	94	91	107	121	73
91	0.1	2.9	72	98	91	91	113	72
92	0.4	3.8	76	100	91	91	121	72
93	0.6	4.5	74	94	91	107	121	73
94	1	5.4	76	94	91	107	121	76
95	1.2	6	80	94	91	91	121	73
96	1.5	6.9	76	94	91	107	121	73
97	2.2	-1.7	74	94	91	107	121	70
98	2.8	-2.1	80	94	99	107	111	73
99	3.4	-2.4	80	100	99	107	121	70
100	3.5	-2.5	82	94	99	107	121	70
101	3.7	-2.7	78	94	91	107	121	73
102	0.5	-2.3	76	98	101	101	121	73
103	0.9	-3.5	78	94	101	101	111	73
104	0.7	-4.4	72	94	91	101	107	72
105	-10	9	76	94	91	107	121	73
106	-10	9	76	98	91	107	107	72
107	-10	9	72	94	91	93	121	73
108	-10	9.5	76	94	101	107	121	72
109	-10	9.5	74	94	91	101	107	73
110	-1.1	12.5	72	100	91	107	121	73
111	-1.1	12.5	72	94	91	101	121	70
112	-1.1	12.5	72	98	91	101	125	72
113	-0.9	12.5	72	98	91	107	121	73
114	-0.9	12.5	74	100	91	107	121	73
115	-0.9	12.5	74	100	91	91	121	72
116	0.5	6.5	72	94	91	91	121	76
117	0.5	6.5	76	98	91	91	121	73
118	4	0	72	100	101	95	121	73
119	4	0	72	100	101	97	121	73
120	1	0	72	102	91	107	121	73
121	1	0	72	100	91	107	121	73
122	1	1.5	72	94	91	91	121	73
123	1	1.5	72	100	101	91	121	72
124	1	1.5	72	94	101	89	121	72
125	-11	2	72	100	91	107	121	73
126	-11	2	72	94	101	111	121	72
127	-18.1	-8	72	100	91	101	113	73
128	-18.1	-8	72	94	91	107	121	72
129	-18.1	-8	74	94	91	107	121	73
130	-18.1	-8	74	94	101	111	121	81
131	-18.1	-8	74	94	91	91	121	73
132	-2.5	-9	72	94	91	107	121	73
133	-2.5	-9	76	94	91	107	121	73
134	1.5	3.5	72	98	91	93	121	73
135	-6.5	-7.5	74	94	91	107	121	73
136	-3	-12	72	102	91	101	121	73
137	-17.9	-8	72	94	91	107	121	72
138	-21	4	74	94	91	91	121	72
139	-10	-8.5	72	94	91	107	121	72
140	-3	-10.5	72	98	91	107	121	72
141	-2	-6.5	76	94	91	107	121	72
142	3.5	-0.1	72	100	91	107	121	70
143	-1.5	6.5	74	92	91	91	121	72
144	-10	-9.5	74	92	91	91	121	72							