individual	latitude	longitude	locus1	locus2	locus3	locus4	locus5	locus6	locus7	locus8	locus9					
K1	61.23333333	25.06305556	154	280	388	516	219	170	333	183	230					
K1-B	61.23333333	25.06305556	154	0	388	516	213	170	333	183	230					
K1-C	61.23333333	25.06305556	150	246	396	494	213	168	307	183	232					
K2	61.23333333	25.06305556	154	282	398	514	219	168	321	183	232					
K2-B	61.23333333	25.06305556	156	250	388	514	219	168	335	173	232					
K2-C	61.23333333	25.06305556	156	250	388	514	219	168	335	173	232					
K3	61.23333333	25.06305556	154	258	392	510	225	158	331	175	232					
K4	61.23333333	25.06305556	154	246	388	508	219	168	323	183	232					
K5	61.23333333	25.06305556	154	252	414	518	219	168	333	175	232					
K6	61.23333333	25.06305556	156	262	418	494	209	168	323	175	232					
K7	61.23333333	25.06305556	154	258	392	510	209	168	331	175	232					
K8	61.23333333	25.06305556	154	246	388	512	209	168	329	183	232					
K9	61.23333333	25.06305556	154	246	388	512	209	168	329	183	232					
K10	61.23333333	25.06305556	154	246	388	512	209	168	329	183	232					
K11	61.23333333	25.06305556	152	246	414	496	207	168	351	183	232					
K12	61.23333333	25.06305556	154	282	388	498	219	168	323	183	230					
K13	61.23333333	25.06305556	154	304	388	516	219	168	333	183	232					
K14	61.23333333	25.06305556	152	294	416	506	221	168	323	175	232					
K14-B	61.23333333	25.06305556	152	294	416	506	0	168	323	175	232					
K14-C	61.23333333	25.06305556	154	246	388	500	0	168	329	173	232					
K15	61.23333333	25.06305556	154	288	388	514	205	168	329	173	232					
K15-C	61.23333333	25.06305556	152	296	416	500	225	168	323	175	232					
K15-D	61.23333333	25.06305556	152	0	416	0	0	168	323	175	232					
K16	61.23333333	25.06305556	154	246	388	512	209	168	341	183	234					
K17	61.23333333	25.06305556	156	250	388	514	213	168	335	173	232					
K18	61.23333333	25.06305556	154	246	388	508	209	168	323	183	232					
K19	61.23333333	25.06305556	154	304	388	516	221	168	333	183	232					
K19-B	61.23333333	25.06305556	154	246	408	0	221	168	341	183	256					
K19-C	61.23333333	25.06305556	154	246	388	0	221	168	333	183	232					
K20	61.23333333	25.06305556	154	246	388	508	219	168	323	183	232					
K20-B	61.23333333	25.06305556	154	286	388	488	209	168	323	175	254					
K20-C	61.23333333	25.06305556	154	246	390	520	209	168	357	173	234					
K21	61.23333333	25.06305556	154	248	388	510	225	168	333	175	232					
K22	61.23333333	25.06305556	154	264	388	494	209	168	333	175	230					
K23	61.23333333	25.06305556	154	286	388	488	225	168	331	173	230					
K24	61.23333333	25.06305556	154	284	388	508	209	168	355	183	232					
K25	61.23333333	25.06305556	156	290	424	502	221	168	323	183	230					
K26	61.23333333	25.06305556	152	296	388	488	209	168	325	175	226					
K27	61.23333333	25.06305556	154	282	410	520	225	168	325	175	230					
K29	61.23333333	25.06305556	154	282	388	500	219	168	329	183	234					
K30	61.23333333	25.06305556	154	246	388	518	225	168	323	173	230					
K31	61.23333333	25.06305556	154	246	390	508	219	168	337	177	234					
K32	61.23333333	25.06305556	154	246	390	508	219	168	337	177	234					
K33	61.23333333	25.06305556	154	258	388	510	237	170	351	175	230					
K34	61.23333333	25.06305556	154	276	388	494	225	168	327	175	228					
K35	61.23333333	25.06305556	154	246	388	528	209	168	349	175	232					
K36	61.23333333	25.06305556	154	276	388	502	209	168	327	175	260					
K37	61.23333333	25.06305556	154	276	388	498	227	168	329	183	232					
K38	61.23333333	25.06305556	154	254	388	494	209	168	335	175	232					
K39	61.23333333	25.06305556	154	246	388	506	209	168	341	183	232					
K40	61.23333333	25.06305556	154	254	388	494	209	168	335	177	232					
K41	61.23333333	25.06305556	154	266	388	498	231	168	329	173	232					
K41-B	61.23333333	25.06305556	156	266	388	510	231	168	335	183	232					
K41-C	61.23333333	25.06305556	154	258	416	508	231	168	323	183	248					
K42	61.23333333	25.06305556	154	246	408	506	219	168	331	175	230					
K42-B	61.23333333	25.06305556	154	246	408	506	209	168	331	175	230					
K42-D	61.23333333	25.06305556	154	246	408	506	219	168	331	175	230					
K43	61.23333333	25.06305556	154	288	388	496	209	168	333	183	232					
K44	61.23333333	25.06305556	154	268	388	494	219	168	331	177	230					
K45	61.23333333	25.06305556	152	246	388	490	219	168	315	183	232					
K46	61.23333333	25.06305556	154	246	396	516	209	170	351	173	234					
K47	61.23333333	25.06305556	154	280	388	502	209	168	341	183	232					
K48	61.23333333	25.06305556	156	246	414	522	0	168	329	183	230					
K49	61.23333333	25.06305556	154	246	388	490	209	168	339	183	230					
K50	61.23333333	25.06305556	154	286	416	524	209	168	329	173	230					
N1	60.31	24.49916667	156	246	388	500	219	168	323	183	232					
N1-B	60.31	24.49916667	156	246	388	500	219	168	323	183	232					
N1-C	60.31	24.49916667	156	246	388	500	219	168	323	183	232					
N2	60.31	24.49916667	156	260	388	506	219	168	321	175	230					
N2-B	60.31	24.49916667	156	0	388	506	219	168	321	175	230					
N2-C	60.31	24.49916667	156	260	388	506	219	168	321	175	230					
N3	60.31	24.49916667	156	246	388	500	205	168	323	183	232					
N4	60.31	24.49916667	156	246	388	500	205	168	323	183	232					
N5	60.31	24.49916667	156	246	388	500	219	168	323	183	232					
N6	60.31	24.49916667	154	246	388	498	225	168	333	175	232					
N7	60.31	24.49916667	154	246	388	498	225	168	333	175	232					
N7-C	60.31	24.49916667	154	246	388	498	225	168	333	175	232					
N7-D	60.31	24.49916667	154	246	388	498	225	168	333	175	232					
N8	60.31	24.49916667	154	246	388	498	219	168	333	175	232					
N8-B	60.31	24.49916667	154	246	388	498	219	168	333	175	232					
N8-C	60.31	24.49916667	154	246	388	498	219	168	333	175	232					
N9	60.31	24.49916667	154	246	388	498	219	168	333	175	232					
N10	60.31	24.49916667	148	288	388	488	209	168	333	183	232					
N11	60.31	24.49916667	154	288	388	514	205	168	329	183	232					
N12	60.31	24.49916667	148	288	388	0	209	168	333	183	232					
N14	60.31	24.49916667	156	258	388	508	219	168	333	177	230					
N15	60.31	24.49916667	158	258	388	508	219	168	333	177	230					
N16	60.31	24.49916667	158	258	388	508	217	168	333	177	230					
N17	60.31	24.49916667	154	288	388	496	209	168	307	183	232					
N17-B	60.31	24.49916667	154	288	388	496	209	168	307	183	232					
N17-C	60.31	24.49916667	154	258	408	492	209	168	351	177	250					
N18	60.31	24.49916667	156	270	388	488	219	168	329	175	230					
N18-B	60.31	24.49916667	154	258	384	518	225	168	327	175	232					
N18-C	60.31	24.49916667	154	288	388	498	225	168	307	183	232					
N19	60.31	24.49916667	156	270	388	488	219	168	329	175	230					
N20	60.31	24.49916667	156	270	388	488	209	168	329	175	230					
N21	60.31	24.49916667	156	270	388	488	219	168	329	175	230					
N22	60.31	24.49916667	154	246	388	502	229	168	307	183	232					
N23	60.31	24.49916667	154	246	388	502	229	168	307	183	232					
N24	60.31	24.49916667	154	246	388	502	209	168	307	183	232					
N25	60.31	24.49916667	154	246	388	502	209	168	307	183	232					
N26	60.31	24.49916667	154	246	388	502	229	168	307	183	232					
N26-B	60.31	24.49916667	154	246	388	502	229	168	307	183	232					
N26-D	60.31	24.49916667	154	246	388	502	229	168	307	183	232					
N27	60.31	24.49916667	154	246	388	502	229	168	307	183	232					
N27-B	60.31	24.49916667	154	246	388	502	229	168	307	183	232					
N27-C	60.31	24.49916667	154	246	388	502	229	168	307	183	232					
N28	60.31	24.49916667	154	246	388	502	207	168	327	175	232					
S1	61.20416667	25.19694444	154	260	388	500	209	170	325	183	232					
S2	61.20416667	25.19694444	154	246	390	502	0	168	323	177	232					
S3	61.20416667	25.19694444	154	266	388	516	229	168	323	183	232					
S3-B	61.20416667	25.19694444	154	266	388	516	229	168	323	183	232					
S3-C	61.20416667	25.19694444	152	292	388	498	229	168	345	175	230					
S4	61.20416667	25.19694444	154	282	388	512	219	168	327	183	254					
S4-C	61.20416667	25.19694444	154	266	388	516	219	168	323	183	232					
S4-D	61.20416667	25.19694444	154	284	388	0	219	168	341	175	248					
S5	61.20416667	25.19694444	154	246	388	510	229	168	331	183	232					
S6	61.20416667	25.19694444	154	266	388	488	209	168	329	185	232					
S7	61.20416667	25.19694444	154	266	388	488	213	168	329	185	232					
S8	61.20416667	25.19694444	152	246	388	498	209	168	335	175	232					
S9	61.20416667	25.19694444	154	266	388	516	219	168	323	183	232					
S10	61.20416667	25.19694444	154	252	388	502	229	168	325	183	232					
S13	61.20416667	25.19694444	154	246	388	488	209	168	335	183	234					
S14	61.20416667	25.19694444	154	268	388	502	225	168	331	183	232					
S16	61.20416667	25.19694444	154	286	388	498	209	168	329	179	230					
S17	61.20416667	25.19694444	154	280	390	488	219	168	331	183	232					
S18	61.20416667	25.19694444	154	274	390	510	209	168	331	179	232					
S19	61.20416667	25.19694444	152	292	388	488	209	168	345	183	230					
S20	61.20416667	25.19694444	154	284	388	506	0	168	325	183	232					
S21	61.20416667	25.19694444	154	284	388	536	209	168	331	175	230					
S22	61.20416667	25.19694444	154	266	388	488	219	168	329	185	232					
S23	61.20416667	25.19694444	154	246	388	488	209	168	335	183	234					
S28	61.20416667	25.19694444	154	290	388	502	209	170	325	175	250					
S29	61.20416667	25.19694444	154	290	410	512	209	168	311	183	234					
S30	61.20416667	25.19694444	154	290	410	512	219	168	331	183	234					
S30-B	61.20416667	25.19694444	154	290	410	512	0	168	331	183	234					
S30-C	61.20416667	25.19694444	156	246	388	508	209	168	331	173	232					
S31	61.20416667	25.19694444	156	298	414	494	219	168	319	175	232					
S31-B	61.20416667	25.19694444	154	292	426	496	0	168	331	183	230					
S31-C	61.20416667	25.19694444	156	246	388	512	209	168	311	183	232					
S32	61.20416667	25.19694444	154	246	388	518	237	168	335	177	230					
S33	61.20416667	25.19694444	154	274	388	498	0	168	339	175	232					
S34	61.20416667	25.19694444	154	284	388	506	209	168	325	183	232					
S34-B	61.20416667	25.19694444	154	284	388	506	209	168	325	183	232					
S34-D	61.20416667	25.19694444	154	292	388	508	209	168	317	173	232					
S35	61.20416667	25.19694444	154	274	388	498	209	168	339	175	232					
S35-B	61.20416667	25.19694444	154	246	408	0	207	168	327	183	232					
S35-C	61.20416667	25.19694444	154	292	388	508	209	168	317	173	232					
S37	61.20416667	25.19694444	154	246	388	518	219	168	335	177	230					
S38	61.20416667	25.19694444	154	286	388	514	219	168	333	175	248					
S39	61.20416667	25.19694444	156	246	388	508	219	168	331	173	232					
S40	61.20416667	25.19694444	156	246	388	508	209	168	331	173	232					
S41	61.20416667	25.19694444	156	252	424	518	209	168	331	175	232					
S42	61.20416667	25.19694444	156	246	388	508	209	168	331	183	230					
S44	61.20416667	25.19694444	154	292	412	490	219	168	325	175	234					
S45	61.20416667	25.19694444	154	292	412	490	219	168	325	175	234					
S46	61.20416667	25.19694444	156	280	388	492	225	170	331	175	230					
S47	61.20416667	25.19694444	154	290	388	502	209	168	341	183	232					
S49	61.20416667	25.19694444	154	278	388	510	207	170	329	175	232					
S50	61.20416667	25.19694444	154	268	388	488	225	168	327	183	232					
S51	61.20416667	25.19694444	154	272	404	488	209	168	327	175	232					
S52	61.20416667	25.19694444	154	248	388	494	219	168	323	183	230					
S53	61.20416667	25.19694444	154	268	388	488	225	168	327	183	232					
S54	61.20416667	25.19694444	154	278	388	498	209	168	315	183	232					
S55	61.20416667	25.19694444	154	302	388	508	219	168	329	183	232					
S56	61.20416667	25.19694444	154	266	388	488	229	168	323	185	232					
S57	61.20416667	25.19694444	154	268	388	488	219	168	327	183	232					
S58	61.20416667	25.19694444	160	288	388	500	215	168	327	175	232					
S59	61.20416667	25.19694444	154	294	388	506	0	168	321	175	254					
S63	61.20416667	25.19694444	154	0	388	504	209	168	341	173	232					
S64	61.20416667	25.19694444	154	286	388	506	219	168	327	183	248					
S65	61.20416667	25.19694444	154	246	412	492	209	168	325	177	232					
S66	61.20416667	25.19694444	152	258	390	492	219	168	309	183	232					
S67	61.20416667	25.19694444	154	278	388	498	219	168	315	183	232					
S67-B	61.20416667	25.19694444	154	246	404	496	209	168	329	183	232					
S67-C	61.20416667	25.19694444	154	246	412	492	215	168	325	177	232					
S68	61.20416667	25.19694444	154	278	388	498	215	168	315	183	232					
S68-B	61.20416667	25.19694444	154	246	388	488	209	168	323	183	232					
S68-C	61.20416667	25.19694444	156	266	388	490	215	168	323	173	232					
S69	61.20416667	25.19694444	154	278	388	498	219	168	315	183	232					
S70	61.20416667	25.19694444	154	278	388	498	215	168	315	183	232					
S71	61.20416667	25.19694444	154	308	388	506	215	168	327	183	230					
V1	61.35	25.10111111	156	264	412	516	219	168	307	175	232					
V1-B	61.35	25.10111111	156	264	412	516	219	168	307	175	232					
V1-D	61.35	25.10111111	154	278	392	498	219	168	325	183	232					
V2	61.35	25.10111111	154	246	388	486	219	168	331	181	234					
V2-B	61.35	25.10111111	156	246	388	498	219	168	329	173	232					
V2-D	61.35	25.10111111	154	246	388	494	219	168	331	173	230					
V3	61.35	25.10111111	154	292	388	502	219	168	323	183	254					
V4	61.35	25.10111111	154	246	412	516	209	168	337	173	232					
V5	61.35	25.10111111	154	292	388	504	209	168	331	177	232					
V6	61.35	25.10111111	154	246	388	532	225	168	331	183	232					
V7	61.35	25.10111111	154	246	412	516	209	168	337	173	232					
V8	61.35	25.10111111	154	246	388	510	209	168	329	183	232					
V9	61.35	25.10111111	154	246	388	512	209	168	331	175	234					
V10	61.35	25.10111111	154	246	388	510	219	168	329	183	232					
V11	61.35	25.10111111	154	246	416	518	0	168	327	183	232					
V12	61.35	25.10111111	154	246	388	510	219	168	329	183	232					
V13	61.35	25.10111111	154	246	388	508	209	168	339	175	232					
V14	61.35	25.10111111	154	246	388	534	219	168	331	183	232					
V15	61.35	25.10111111	156	264	412	516	219	168	307	175	234					
V16	61.35	25.10111111	154	266	390	504	219	168	331	175	246					
V17	61.35	25.10111111	154	246	388	510	209	168	307	175	234					
V18	61.35	25.10111111	154	246	388	532	219	168	331	183	232					
V20	61.35	25.10111111	154	266	388	492	219	168	323	175	232					
V21	61.35	25.10111111	154	256	388	494	0	168	329	175	232					
V36	61.35	25.10111111	154	0	386	494	219	168	327	173	230					
V37	61.35	25.10111111	156	288	388	508	209	168	353	185	232					
V38	61.35	25.10111111	154	248	388	494	219	168	323	173	230					
V39	61.35	25.10111111	156	300	388	488	225	168	335	183	232					
V40	61.35	25.10111111	154	246	388	504	233	168	323	177	232					
V41	61.35	25.10111111	150	246	388	518	225	168	331	173	232					
V42	61.35	25.10111111	154	246	388	498	219	168	331	175	232					
V43	61.35	25.10111111	154	262	388	492	219	168	321	175	232					
V44	61.35	25.10111111	154	288	388	498	209	168	325	173	232					
V44-B	61.35	25.10111111	154	288	388	498	209	168	325	173	232					
V44-C	61.35	25.10111111	154	246	388	500	209	166	331	175	232					
V45	61.35	25.10111111	154	288	388	498	237	168	325	173	232					
V45-C	61.35	25.10111111	154	288	388	498	237	168	325	173	232					
V45-D	61.35	25.10111111	154	248	426	488	237	168	317	173	230					
V46	61.35	25.10111111	154	288	388	498	237	168	325	173	232					
V47	61.35	25.10111111	152	246	414	492	225	168	333	175	230					
V48	61.35	25.10111111	154	248	424	488	219	168	317	173	230					
V49	61.35	25.10111111	154	248	424	488	209	168	317	173	230					
V53	61.35	25.10111111	156	246	422	496	237	168	325	183	230					
V54	61.35	25.10111111	154	248	424	488	219	168	317	173	230					
V55	61.35	25.10111111	154	246	388	504	207	170	323	183	232					
V56	61.35	25.10111111	154	278	388	500	215	168	343	183	230					
V57	61.35	25.10111111	154	246	388	504	225	168	341	175	230					
V60	61.35	25.10111111	154	266	388	502	209	168	343	183	226					
V60-B	61.35	25.10111111	154	290	388	500	209	168	331	183	230					
V60-D	61.35	25.10111111	154	290	388	500	209	168	331	183	230					
V61	61.35	25.10111111	156	246	418	516	219	168	331	183	234					
V61-B	61.35	25.10111111	156	246	418	516	219	168	331	183	234					
V61-C	61.35	25.10111111	154	278	388	500	209	168	343	183	230					
V62	61.35	25.10111111	154	248	388	510	225	168	325	177	232					
V63	61.35	25.10111111	152	246	388	504	209	168	329	183	232					
V64	61.35	25.10111111	154	0	388	496	219	168	307	173	232					
V65	61.35	25.10111111	154	266	392	512	209	168	323	175	254					
V66	61.35	25.10111111	154	292	418	500	225	168	327	173	230					
V67	61.35	25.10111111	158	246	388	512	225	168	329	175	230					
V68	61.35	25.10111111	154	290	388	492	209	168	323	173	234					
V69	61.35	25.10111111	156	294	388	0	209	168	339	183	232					
V80	61.35	25.10111111	154	284	388	532	229	168	331	183	232					
V81	61.35	25.10111111	154	248	388	492	209	168	329	177	248					
V82	61.35	25.10111111	154	246	388	504	209	168	329	175	232					
V83	61.35	25.10111111	156	276	388	506	209	168	353	175	232					
V83-B	61.35	25.10111111	154	272	388	500	209	168	329	183	230					
V83-C	61.35	25.10111111	154	246	388	488	209	168	321	175	236					
V84	61.35	25.10111111	154	296	388	496	219	168	333	183	234					
V84-B	61.35	25.10111111	154	270	418	504	219	168	325	175	230					
V84-C	61.35	25.10111111	154	308	388	518	225	168	307	173	248					
V85	61.35	25.10111111	154	246	388	500	233	168	329	177	232					
V86	61.35	25.10111111	154	306	388	492	219	168	327	183	234					
V87	61.35	25.10111111	154	246	388	510	233	168	333	177	230					
V88	61.35	25.10111111	154	262	412	496	219	168	329	183	232					
V89	61.35	25.10111111	152	280	408	504	209	168	327	177	232					
V90	61.35	25.10111111	154	290	416	508	209	168	333	183	232					
G1	48.97555556	13.815	0	246	412	518	0	168	327	175	232					
G1-C	48.97555556	13.815	154	246	412	518	205	168	327	175	232					
G1-D	48.97555556	13.815	154	246	412	518	205	168	327	175	232					
G2	48.97555556	13.815	0	246	414	504	0	170	329	175	250					
G2-C	48.97555556	13.815	152	246	414	504	0	170	329	175	250					
G2-D	48.97555556	13.815	152	246	414	504	0	170	329	175	250					
G3	48.97555556	13.815	154	246	414	508	0	168	333	183	230					
G3-D	48.97555556	13.815	154	246	414	508	0	168	333	183	230					
G3-E	48.97555556	13.815	154	246	414	508	0	168	333	183	230					
G4	48.97555556	13.815	154	246	414	508	209	168	333	183	230					
G4-B	48.97555556	13.815	154	246	414	508	0	168	333	183	230					
G4-C	48.97555556	13.815	0	246	414	508	0	168	333	183	230					
G5	48.97555556	13.815	154	246	414	508	209	168	333	183	230					
G5-B	48.97555556	13.815	154	246	414	508	0	168	333	183	230					
G5-C	48.97555556	13.815	154	246	414	508	205	168	333	183	230					
G6-B	48.97555556	13.815	154	246	414	508	0	168	333	183	230					
G6-C	48.97555556	13.815	154	246	414	508	0	168	333	183	230					
G7-E	48.97555556	13.815	154	246	414	508	209	168	333	183	230					
G7-F	48.97555556	13.815	154	246	414	508	0	168	333	183	230					
G8	48.97555556	13.815	154	246	414	508	209	168	333	183	230					
G8-E	48.97555556	13.815	156	268	414	504	0	168	329	183	248					
G8-F	48.97555556	13.815	154	246	414	508	209	168	333	183	230					
G9-C	48.97555556	13.815	154	246	414	508	0	168	333	173	230					
G9-D	48.97555556	13.815	154	246	414	508	0	168	333	183	230					
M1	48.62027778	14.22777778	152	246	416	488	209	172	333	175	232					
M1-C	48.62027778	14.22777778	152	246	416	488	209	172	333	175	232					
M1-E	48.62027778	14.22777778	152	246	416	488	209	172	333	175	232					
M2	48.62027778	14.22777778	152	246	416	488	209	172	333	175	232					
M2-D	48.62027778	14.22777778	152	246	416	488	209	172	333	175	232					
M2-E	48.62027778	14.22777778	152	246	416	488	209	172	333	175	232					
M3	48.62027778	14.22777778	152	246	416	488	209	172	333	175	232					
M4	48.62027778	14.22777778	152	246	416	488	209	172	333	175	232					
M5	48.62027778	14.22777778	152	246	416	488	209	172	333	175	232					
M6	48.62027778	14.22777778	152	246	416	488	209	172	333	175	232					
M7	48.62027778	14.22777778	152	246	416	488	209	172	333	175	232					
M8	48.62027778	14.22777778	152	246	416	488	209	172	333	175	232					
M9	48.62027778	14.22777778	152	246	416	488	209	172	333	175	232					
M10	48.62027778	14.22777778	152	246	416	488	209	172	333	175	232					
M11	48.62027778	14.22777778	154	248	414	494	209	170	327	183	230					
M11-B	48.62027778	14.22777778	154	248	414	494	209	170	327	183	230					
M11-D	48.62027778	14.22777778	154	248	414	494	0	170	327	183	230					
M12	48.62027778	14.22777778	156	246	388	518	0	168	335	183	230					
M12-B	48.62027778	14.22777778	156	246	388	518	0	168	335	183	230					
M12-D	48.62027778	14.22777778	156	246	388	518	0	168	335	183	230					
P1	48.66944444	14.70555556	156	246	414	506	209	168	327	175	230					
P1-B	48.66944444	14.70555556	156	246	414	506	209	168	327	175	230					
P1-D	48.66944444	14.70555556	156	246	414	506	209	168	327	175	230					
P2	48.66944444	14.70555556	148	246	414	504	209	170	327	175	234					
P2-C	48.66944444	14.70555556	156	246	414	506	209	168	327	175	230					
P2-E	48.66944444	14.70555556	156	246	414	506	209	168	327	175	230					
P3	48.66944444	14.70555556	156	266	414	502	209	168	335	173	230					
P3-B	48.66944444	14.70555556	156	246	414	500	209	168	329	175	256					
P3-C	48.66944444	14.70555556	154	246	426	510	209	168	331	175	232					
P4	48.66944444	14.70555556	156	246	414	498	213	168	329	175	256					
P4-D	48.66944444	14.70555556	156	246	414	506	213	168	327	175	230					
P4-E	48.66944444	14.70555556	152	266	416	500	213	168	335	175	232					
R1	49.02027778	15.02111111	156	246	388	508	205	168	329	183	232					
R1-A	49.02027778	15.02111111	156	246	388	508	205	168	329	183	232					
R1-B	49.02027778	15.02111111	156	246	388	508	205	168	329	183	232					
R2	49.02027778	15.02111111	156	246	388	508	205	168	329	183	232					
R2-A	49.02027778	15.02111111	156	246	388	508	205	168	329	183	232					
Y1-B	48.985	13.83861111	152	314	408	508	0	168	333	175	232					
Y1-C	48.985	13.83861111	152	314	408	508	0	168	333	175	232					
Y2	48.985	13.83861111	154	246	388	494	205	168	333	181	234					
Y2-E	48.985	13.83861111	154	246	388	494	205	168	333	181	234					
Y2-F	48.985	13.83861111	154	246	388	494	0	168	333	181	234					
Y3-B	48.985	13.83861111	156	246	414	518	0	168	333	175	232					
Y3-C	48.985	13.83861111	156	246	414	518	205	168	333	175	232					
Y4-B	48.985	13.83861111	156	246	416	492	0	168	339	173	232					
Y4-C	48.985	13.83861111	156	246	416	492	0	168	339	173	232					
Y5-C	48.985	13.83861111	156	246	416	492	209	168	339	175	232					
Y5-D	48.985	13.83861111	0	246	416	492	209	168	0	173	0					
Y6-C	48.985	13.83861111	150	246	412	518	209	168	319	173	234					
Y6-E	48.985	13.83861111	150	246	412	520	0	168	319	173	234					
Y7	48.985	13.83861111	154	282	414	516	225	168	333	175	232					
Y7-C	48.985	13.83861111	154	246	388	518	0	168	345	183	230					
Y7-D	48.985	13.83861111	150	246	412	518	205	168	319	173	234					
Z1	48.97555556	13.815	154	252	418	486	209	168	329	183	230					
Z1-B	48.97555556	13.815	154	252	418	486	209	168	329	183	230					
Z1-C	48.97555556	13.815	154	252	418	486	209	168	329	183	230					
Z2	48.97555556	13.815	154	252	418	486	209	168	329	183	230					
Z2-C	48.97555556	13.815	154	252	418	486	209	168	329	183	230					
Z2-D	48.97555556	13.815	154	252	418	486	209	168	329	183	230					
Z3	48.97555556	13.815	154	280	388	508	207	168	333	183	232					
Z4	48.97555556	13.815	156	246	396	512	215	0	335	175	232					
Z5	48.97555556	13.815	152	246	412	508	209	172	325	177	236					
Z6	48.97555556	13.815	152	276	388	514	209	168	353	175	232					
Z7	48.97555556	13.815	156	246	416	492	209	170	331	173	232					
Z8	48.97555556	13.815	152	246	412	508	209	172	325	177	236					
Z9	48.97555556	13.815	152	246	412	508	209	172	325	177	236					
Z10	48.97555556	13.815	154	294	414	502	209	168	327	183	248					
Z10-B	48.97555556	13.815	156	290	414	506	209	168	331	173	232					
Z10-D	48.97555556	13.815	154	294	414	502	209	168	327	183	248					
Z11	48.97555556	13.815	154	272	388	510	209	168	325	183	0					
Z11-C	48.97555556	13.815	152	258	420	510	207	168	331	175	232					
Z11-D	48.97555556	13.815	152	258	420	510	209	168	331	175	232					
Z14	48.97555556	13.815	152	246	412	508	209	172	327	183	230					
Z16	48.97555556	13.815	154	294	414	502	215	168	327	183	248					
Z17	48.97555556	13.815	156	246	412	494	219	168	329	173	232					
Z18	48.97555556	13.815	154	266	424	494	209	168	333	173	232					
Z19	48.97555556	13.815	156	248	408	500	209	168	327	175	232					
Z20	48.97555556	13.815	154	246	416	508	209	170	321	175	234					
Z21	48.97555556	13.815	154	266	424	494	209	168	331	173	232					
Z22	48.97555556	13.815	154	246	412	508	209	168	333	183	232					
Z23	48.97555556	13.815	156	282	418	500	209	168	321	175	232					
Z24	48.97555556	13.815	154	266	424	494	209	168	331	173	232					
Z24-C	48.97555556	13.815	154	266	424	494	209	168	331	173	232					
Z24-E	48.97555556	13.815	154	266	424	494	209	168	331	173	232					
Z26	48.97555556	13.815	156	282	418	500	209	168	321	175	232					
Z26-B	48.97555556	13.815	152	246	388	496	209	170	335	175	232					
Z26-D	48.97555556	13.815	156	246	414	502	209	168	329	175	232					
Z27	48.97555556	13.815	152	246	0	496	209	172	327	177	232					
Z28	48.97555556	13.815	158	246	418	500	219	168	329	183	232					
Z31	48.97555556	13.815	158	246	418	500	209	168	329	183	232					
Z33	48.97555556	13.815	158	246	418	500	209	168	329	183	232					
Z37	48.97555556	13.815	156	266	418	510	209	170	313	175	232					
Z38	48.97555556	13.815	158	246	418	500	209	168	329	183	232					
Z39	48.97555556	13.815	152	246	0	504	209	172	331	175	232					
Z41	48.97555556	13.815	154	246	414	508	209	168	333	183	232					
Z42	48.97555556	13.815	152	254	398	504	227	168	349	183	232					
Z42-C	48.97555556	13.815	154	246	414	508	227	168	333	183	232					
Z42-D	48.97555556	13.815	152	246	412	514	0	168	331	177	230					
Z43	48.97555556	13.815	154	246	414	508	209	168	333	183	232					
Z43-C	48.97555556	13.815	150	246	422	506	209	168	327	177	230					
Z43-D	48.97555556	13.815	154	246	414	508	213	168	333	183	232					
Z47	48.97555556	13.815	156	246	410	500	205	168	337	177	232					
Z49	48.97555556	13.815	154	278	388	506	209	168	345	173	232					
Z50	48.97555556	13.815	154	246	414	500	209	168	337	175	230					
Z51	48.97555556	13.815	154	246	414	502	209	168	337	175	230					
Z52	48.97555556	13.815	154	278	388	506	209	168	345	173	232					
Z53	48.97555556	13.815	156	266	414	506	209	168	337	177	232					
Z54	48.97555556	13.815	152	272	396	516	0	168	333	173	230					
Z55	48.97555556	13.815	154	246	414	500	225	168	337	175	230	
														