individual	latitude	longitude	locus1	locus2	locus3	locus4
OA61	46.888413	5.519636	5	0	1	0
OL10	48.780401	14.760447	3	5	3	1
OL100	48.02494444	22.51133333	3	3	11	2
OL101	40.749338	27.158089	3	3	0	1
OL102	47.80944444	1.852777778	5	3	4	2
OL103	49.58083333	2.6925	5	3	1	2
OL104	42.588478	-7.200966	5	3	1	1
OL105	43.93333333	5.583333333	3	3	1	2
OL106	50.49611111	-3.743611111	3	3	1	2
OL107	50.57626	6.182098	3	3	4	2
OL108	51.84666667	-3.342777778	3	3	1	2
OL109	51.90638889	-3.363333333	3	4	1	2
OL11	48.642664	14.105358	3	3	3	2
OL110	36.561221	32.00655	5	6	1	1
OL111	38.75	-120.3333333	13	7	2	3
OL112	59.580242	15.265045	3	3	1	2
OL113	47.45688	8.774028	3	3	0	2
OL114	55.985467	14.281182	5	3	4	2
OL115	46.265341	5.395431	5	3	11	2
OL116	44.404599	4.131832	3	4	11	1
OL117	46.35303	4.942117	3	3	1	2
OL118	46.360316	5.8884	3	3	4	2
OL119	53.804706	-7.329998	0	3	1	2
OL12	49.143313	14.694371	3	3	4	2
OL120	53.882893	-7.177262	3	3	11	2
OL121	54.081498	-6.346164	3	3	1	2
OL122	54.19329	-7.245101	5	0	0	2
OL123	54.961848	-5.956507	3	3	1	2
OL124	54.816667	-6.833333	3	5	4	2
OL125	53.187008	-7.285323	3	3	11	2
OL126	52.752919	-8.899841	5	3	3	2
OL127	55.390422	-4.187965	3	3	1	2
OL128	52.865244	-2.322764	8	3	1	2
OL129	28.61398333	-17.82941667	3	5	1	1
OL13	49.656739	18.756008	3	3	4	2
OL130	28.65166667	-17.83	9	5	3	1
OL131	28.66668611	-17.81684194	9	5	3	4
OL132	41.136197	-124.155564	11	0	15	0
OL133	39.652491	-123.630538	0	0	16	0
OL134	38.805604	-123.017378	0	9	0	0
OL135	47.530184	-122.033787	2	10	15	6
OL136	45.168484	-123.717499	2	29	15	0
OL137	49.3333333	-121.7	12	12	17	5
OL14	49.900163	14.525585	19	3	0	1
OL140	40.3333321	-124.0833359	2	23	15	6
OL141	37.8981018	-122.596199	2	0	0	6
OL143	45.55	-122.1666667	0	0	18	5
OL144	45.8291667	-122.1847222	0	0	13	5
OL145	45.2000008	-121.9666672	17	23	15	6
OL147	50.0833333	15.1666667	3	5	4	2
OL148	49.945807	12.722139	3	3	1	2
OL149	42.96666667	-1.233333333	3	0	3	2
OL15	50.23972222	5.603888889	5	3	4	2
OL150	43.076913	0.150833	3	3	4	0
OL151	50.6089062	1.728332843	3	5	1	2
OL152	47.91297	15.20191	5	3	3	2
OL153	42.966724	-1.233423	3	5	3	2
OL154	48.351116	0.253	3	3	0	2
OL155	42.50788889	2.910944444	3	0	0	1
OL156	42.43161111	2.941722222	0	0	0	1
OL158	44.05558	10.796027	3	3	0	0
OL16	43.33333333	41.65	0	17	0	1
OL161	53.182379	-6.101589	5	3	4	2
OL162	55.801763	-2.208524	0	3	3	2
OL163	55.822888	-2.45636	3	5	0	2
OL164	42.21444444	-3.149722222	3	3	4	1
OL165	47.00998333	-116.6592667	12	0	14	5
OL166	46.61386667	-116.2973833	17	0	13	5
OL167	46.68366667	-115.9903333	24	19	12	5
OL168	43.58333333	-124.1833333	2	20	0	6
OL169	37.04972222	-122.0830556	17	21	14	5
OL17	37.310106	-8.551712	12	0	0	1
OL170	37.01444444	-121.8938889	11	22	0	5
OL172	43.3625	-124.3291667	11	23	15	6
OL173	43.55194444	-123.7472222	2	20	0	6
OL174	45.083339	-123.612356	2	0	0	0
OL175	45.294211	-123.805389	2	20	0	6
OL177	37.45472222	-122.3409722	2	20	15	6
OL179	37.42944444	-122.3125	5	20	15	6
OL18	32.7509	-17.120247	6	5	3	0
OL180	37.67730556	-119.8059722	25	24	4	2
OL181	36.42944444	-121.79	2	3	0	5
OL182	47.46666667	-123.8333333	0	25	10	6
OL184	45.72248	-121.653214	7	26	8	5
OL185	38.90833333	-121.0416667	10	0	17	5
OL189	45.48888889	-122.2930556	11	28	15	6
OL19	47.542237	10.285721	5	3	0	2
OL190	45.6875	-121.6833333	24	0	0	5
OL191	46.31833333	-123.3816667	0	20	0	6
OL192	36.79166667	-118.675	13	0	0	3
OL194	37.31680556	-122.2	2	20	15	6
OL195	37.16666667	-121.4	17	0	0	5
OL197	39.913423	-122.920375	13	18	0	0
OL199	37.74444444	-122.3875	2	28	0	6
OL2	58.33138889	22.25583333	0	3	4	2
OL20	50.028338	6.413759	3	30	0	5
OL200	36.42972222	-121.79	14	14	6	9
OL201	39.508279	-122.772675	15	0	16	3
OL202	37.85672222	-119.8641944	13	18	16	3
OL203	37.35972222	-119.2388889	1	1	16	0
OL204	36.9366667	-117.07667	24	0	0	0
OL208	42.11666667	-122.8	0	18	0	3
OL209	45.28333333	-123.939	2	0	0	0
OL21	51.795452	4.678688	5	5	1	2
OL210	41.97704	-122.398953	24	24	4	2
OL211	44.397486	-123.320389	2	29	15	6
OL212	47.63333333	-122.85	2	20	0	6
OL214	40.22916667	-122.9666667	0	27	16	3
OL215	41.851151	-123.069305	7	16	0	5
OL216	37.87916667	-121.9208333	17	0	0	5
OL217	39.06888889	-122.4405556	27	18	16	3
OL218	35.975	-121.3166667	24	24	0	2
OL219	34.501	-119.8369444	16	8	0	5
OL22	49.090956	4.894009	18	30	1	2
OL220	39.93527778	-121.5025	0	18	16	3
OL221	40.91666667	-121.4333333	0	18	16	3
OL223	47.78333333	-122.9833333	2	0	0	6
OL224	38.88388889	-119.4577778	24	0	4	2
OL225	48.08333333	-121.7666667	2	0	0	6
OL226	35.79166667	-118.075	24	24	0	2
OL229	37.7275	-122.1158333	20	15	0	5
OL23	50.837763	1.865344	5	5	3	2
OL230	37.51527778	-119.6652778	24	16	0	9
OL232	42.14011111	27.79933333	0	3	0	0
OL233	43.51472222	22.74322222	0	3	0	0
OL234	35.128263	24.90871	5	3	0	0
OL235	34.886424	32.86427	0	3	1	1
OL236	40.2025	20.63816667	0	0	0	1
OL237	41.61541	26.681199	0	3	0	0
OL238	41.04419444	21.23011111	5	3	0	1
OL239	44.82183333	15.05108333	5	17	0	0
OL24	47.816325	6.687312	5	3	1	2
OL240	45.47094444	17.64213889	0	3	0	0
OL241	27.97188333	-15.57025833	5	5	0	0
OL242	27.97188333	-15.57195	5	5	3	0
OL243	32.751189	-17.086544	5	0	3	1
OL244	32.716822	-16.88776	9	0	3	4
OL245	28.008421	-15.599484	5	0	4	1
OL247	57.661933	-4.3507	5	0	1	2
OL248	50.653596	-1.284428	0	0	1	0
OL25	47.132637	8.926363	3	3	1	2
OL253	56.822678	-2.651939	3	0	0	2
OL254	41.6949444	-8.2026388	0	0	1	0
OL255	50.697328	-1.321335	0	0	1	0
OL256	56.843715	-3.103352	0	0	4	0
OL257	54.897761	-2.964256	0	0	1	0
OL258	"37¡59'39""N"	"14¡52'39"""	3	3	3	0
OL26	28.1271	-17.246189	9	5	1	1
OL27	53.07222222	-4.151666667	5	5	5	0
OL29	32.815	-17.109325	3	5	3	1
OL3	28.67086667	-17.82423333	22	5	1	1
OL31	60.575205	5.478215	3	0	4	2
OL32	57.617463	13.433003	3	5	4	2
OL33	46.358302	8.032107	3	13	3	1
OL34	50.13333333	7.183333333	3	3	11	2
OL35	47.68944444	5.182222222	5	3	1	8
OL37	46.17305556	10.7375	3	17	3	1
OL38	46.00916667	10.96833333	3	4	3	1
OL39	49.486528	-1.783247	3	5	4	2
OL4	27.716054	-18.074284	22	5	1	4
OL43	44.204444	3.515	5	0	11	2
OL44	45.88277778	9.227222222	3	5	3	1
OL45	45.91361111	9.186111111	3	3	3	2
OL47	47.001095	4.707928	3	11	1	2
OL48	40.90227778	21.85969444	5	13	1	0
OL49	41.00463889	21.90969444	5	3	4	2
OL5	27.66863	-18.018665	9	5	1	4
OL50	38.1165	22.04793	5	3	1	1
OL51	38.013926	22.168881	3	5	7	1
OL52	38.546842	22.547462	0	17	7	1
OL53	38.01982	22.40301	3	13	7	1
OL54	40.50325	20.83036111	3	3	11	2
OL55	45.93472222	5.484166667	3	3	4	2
OL56	37.831022	21.946778	5	3	1	1
OL57	37.638442	21.628414	5	3	1	1
OL6	27.78333333	-17.93333333	3	0	0	4
OL60	42.645829	2.527685	3	5	4	0
OL63	40.333329	-7.633624	3	11	1	2
OL64	27.964992	-15.652142	0	0	9	0
OL66	40.62	-3.905555556	5	2	1	1
OL67	40.552157	-1.651783	5	11	3	1
OL68	38.980763	-3.94455	3	0	1	1
OL69	36.767905	-5.466263	3	5	1	1
OL7	60.267	19.59257551	3	3	3	2
OL71	38.085932	-6.400337	3	0	1	1
OL72	40.278478	-5.500832	5	2	4	1
OL73	28.352583	-16.370859	9	5	1	7
OL74	40.127704	-5.704365	9	0	1	1
OL75	42.176158	-7.595977	0	0	0	1
OL76	35.09972222	-5.267777778	5	4	1	1
OL77	35.101934	-5.109386	5	3	1	1
OL78	33.26638889	-5.330277778	5	3	1	1
OL79	33.47083333	-6.113611111	5	3	1	1
OL8	59.91	20.93032052	5	3	4	1
OL80	40.573283	-2.075157	5	3	1	1
OL81	38.497131	-2.419853	5	3	0	1
OL83	31.78694444	-6.51	5	11	0	1
OL84	34.95194444	-4.468611111	5	3	1	1
OL85	34.06027778	-4.158055556	5	0	1	1
OL86	30.7275	-9.4	0	5	0	0
OL87	32.50527778	-6.032777778	5	3	1	1
OL88	30.865	-8.381944444	0	5	0	1
OL89	43.03583333	-3.663333333	3	5	1	2
OL9	49.103882	13.346987	3	3	11	2
OL90	46.123701	-0.38249	3	0	0	2
OL91	42.972305	-3.753967	3	3	3	1
OL92	44.50138889	-0.842222222	3	0	4	2
OL93	50.43527778	5.376944444	3	5	3	2
OL94	44.617	22.29069444	3	3	1	2
OL95	42.97863889	22.63658333	3	5	0	0
OL96	43.14905556	19.09486111	5	17	0	1
OL97	42.53466667	18.49444444	3	5	1	1
OL98	46.652264	21.298256	5	17	3	1
OL99	48.13336111	20.50083333	3	3	0	2
					