individual	latitude	longitude	locus1	locus2	locus3	locus4	locus5	locus6	locus7	locus8	locus9
RA566	60.23333333	24.76666667	75	182	64	87	70	70	74	102	114
RA567	60.23333333	24.76666667	75	182	64	83	70	72	76	102	114
RA568	60.23333333	24.76666667	75	182	64	85	70	72	76	102	114
RA569	60.23333333	24.76666667	75	182	64	83	68	74	76	102	114
RA570	60.23333333	24.76666667	75	182	67	83	72	72	76	102	114
RA571	60.23333333	24.76666667	75	180	67	87	70	72	70	112	114
RA572	60.23333333	24.76666667	75	178	64	87	76	72	76	102	114
RA573	60.23333333	24.76666667	75	180	67	83	72	70	76	102	114
RA574	60.23333333	24.76666667	75	182	67	87	70	72	76	102	114
RA575	60.23333333	24.76666667	75	182	64	85	70	72	76	102	114
RA576	60.23333333	24.76666667	75	180	64	87	72	72	74	102	114
RA577	60.23333333	24.76666667	75	180	67	87	70	70	76	102	114
RA757	60.23333333	24.76666667	79	184	64	87	72	72	70	110	114
RA758	60.23333333	24.76666667	79	184	64	83	72	72	70	112	114
RA759	60.23333333	24.76666667	79	184	64	87	72	72	70	102	114
RA760	60.23333333	24.76666667	79	186	64	87	72	72	70	102	114
RA761	60.23333333	24.76666667	77	182	64	87	72	72	70	94	114
NUHA623	60.28333333	24.58333333	75	180	64	79	72	72	76	102	114
NUHA624	60.28333333	24.58333333	75	180	64	85	68	72	76	104	114
NUHA625	60.28333333	24.58333333	75	180	67	83	70	72	76	104	114
NUHA626	60.28333333	24.58333333	75	180	67	87	70	72	70	102	114
NUHA627	60.28333333	24.58333333	75	180	64	83	70	72	76	102	114
NUHA628	60.28333333	24.58333333	75	180	64	85	72	72	76	102	114
NUHA629	60.28333333	24.58333333	75	180	64	85	68	70	76	102	114
NUHA630	60.28333333	24.58333333	75	180	64	83	70	72	76	102	114
NUHA631	60.28333333	24.58333333	75	180	64	87	70	70	76	102	114
NUHA632	60.28333333	24.58333333	75	180	67	83	70	72	76	104	114
NUHA633	60.28333333	24.58333333	75	182	64	87	70	72	76	102	114
NUHA634	60.28333333	24.58333333	75	182	64	85	70	70	76	102	114
NUHA535	60.28333333	24.58333333	75	182	67	85	70	70	76	102	114
NUHA636	60.28333333	24.58333333	75	182	64	83	68	72	76	102	114
NUHA637	60.28333333	24.58333333	75	182	67	83	70	72	76	102	114
NUX827	60.28333333	24.58333333	77	184	64	87	72	72	70	114	114
NUX828	60.28333333	24.58333333	77	184	64	87	72	72	70	120	114
NUX829	60.28333333	24.58333333	77	182	64	87	72	72	68	110	114
NUX830	60.28333333	24.58333333	79	184	64	87	72	72	70	104	114
NUX831	60.28333333	24.58333333	79	184	64	87	72	72	70	104	114
LA642	60.18333333	24.58333333	79	186	70	83	68	72	76	102	114
LA643	60.18333333	24.58333333	79	182	64	83	68	72	68	102	114
LA644	60.18333333	24.58333333	79	182	64	83	68	72	68	112	114
LA645	60.18333333	24.58333333	77	182	64	83	68	72	68	102	114
LA646	60.18333333	24.58333333	79	182	64	85	68	72	68	102	114
GL691	60.21666667	24.66666667	77	176	64	87	66	72	64	102	114
GL692	60.21666667	24.66666667	77	176	64	87	66	72	70	102	114
GL693	60.21666667	24.66666667	77	176	64	87	66	72	76	102	114
GL694	60.21666667	24.66666667	77	176	64	81	66	72	76	102	114
GL695	60.21666667	24.66666667	77	176	67	87	66	72	64	102	114
GL696	60.21666667	24.66666667	77	176	67	87	66	72	64	102	114
GL697	60.21666667	24.66666667	79	178	67	83	66	72	64	102	114
GL698	60.21666667	24.66666667	79	176	67	87	66	70	64	102	114
GL699	60.21666667	24.66666667	79	178	67	87	68	72	64	102	114
GL700	60.21666667	24.66666667	79	178	67	87	68	72	64	102	114
GL701	60.21666667	24.66666667	79	178	67	81	68	72	64	102	114
GL702	60.21666667	24.66666667	77	178	64	83	68	70	64	102	114
GL703	60.21666667	24.66666667	77	178	64	87	68	72	74	102	114
GL704	60.21666667	24.66666667	77	178	64	81	68	72	64	102	114
GL705	60.21666667	24.66666667	77	180	64	87	68	72	76	102	114
GL706	60.21666667	24.66666667	77	180	64	87	68	70	64	102	114
GL707	60.21666667	24.66666667	77	174	64	83	68	72	64	102	114
GL708	60.21666667	24.66666667	79	176	64	87	68	72	66	102	114
GL709	60.21666667	24.66666667	79	176	67	83	68	72	64	102	114
GL710	60.21666667	24.66666667	79	176	67	87	68	72	64	102	114
GL711	60.21666667	24.66666667	79	176	64	87	68	72	64	102	114
GL712	60.21666667	24.66666667	79	180	61	87	68	72	64	102	114
GL713	60.21666667	24.66666667	79	178	64	87	68	72	64	102	114
GL714	60.21666667	24.66666667	79	178	64	87	68	72	64	102	114
GL715	60.21666667	24.66666667	77	176	64	87	68	72	70	102	114
GL716	60.21666667	24.66666667	77	178	61	87	68	72	64	102	114
KI837	60.13333333	24.43333333	73	186	61	75	78	76	68	122	114
KI838	60.13333333	24.43333333	73	188	61	75	76	76	68	120	114
KI839	60.13333333	24.43333333	73	188	64	75	82	70	68	102	114
KI840	60.13333333	24.43333333	73	180	61	75	74	70	68	102	114
KI841	60.13333333	24.43333333	73	180	64	83	74	72	60	120	114
KI842	60.13333333	24.43333333	73	188	61	75	74	72	68	122	114
KI843	60.13333333	24.43333333	73	188	64	87	74	72	68	108	114
KI844	60.13333333	24.43333333	73	186	61	75	74	72	68	122	114
KI845	60.13333333	24.43333333	79	184	61	75	76	72	68	122	114
KI846	60.13333333	24.43333333	79	186	61	83	68	72	68	120	114
KI847	60.13333333	24.43333333	77	186	64	75	76	70	68	122	114
KI848	60.13333333	24.43333333	77	186	61	75	76	72	62	122	114
KI849	60.13333333	24.43333333	77	186	61	75	76	72	68	122	114
KI850	60.13333333	24.43333333	77	186	61	75	76	72	70	102	114
KI851	60.13333333	24.43333333	77	186	64	75	76	70	68	120	114
SI752	60.31666667	25.3	77	184	64	87	72	72	74	102	114
SI753	60.31666667	25.3	77	186	64	87	72	72	76	102	114
SI754	60.31666667	25.3	79	186	64	87	72	72	70	102	114
SI755	60.31666667	25.3	79	182	64	87	72	72	70	100	114
SI756	60.31666667	25.3	79	184	64	87	72	72	70	96	114
SI852	60.31666667	25.3	77	184	61	75	74	72	68	112	114
SI853	60.31666667	25.3	77	178	61	75	76	72	74	120	114
SI854	60.31666667	25.3	73	180	61	87	76	72	76	122	114
SI855	60.31666667	25.3	79	192	64	75	76	72	68	110	114
SI856	60.31666667	25.3	75	182	64	75	74	72	74	122	114
SI857	60.31666667	25.3	75	182	64	75	74	72	68	122	114
SI858	60.31666667	25.3	77	182	61	75	76	72	68	120	114
SI859	60.31666667	25.3	77	184	61	75	74	72	68	120	114
SI860	60.31666667	25.3	77	180	61	75	74	72	68	122	114
SI861	60.31666667	25.3	75	184	61	75	76	72	68	122	114
SI862	60.31666667	25.3	79	184	61	75	74	72	68	120	114
SI863	60.31666667	25.3	73	184	61	75	74	70	66	118	114
SI864	60.31666667	25.3	77	184	61	75	76	72	68	124	114
SI865	60.31666667	25.3	77	178	61	75	76	72	68	110	114
SI866	60.31666667	25.3	79	180	61	75	76	72	68	122	114
										
											
											
											