individual	latitude	longitude	locus1	locus2	locus3
PU1	50.16944444	7.228888889	2	4	1
PU100	40.85	-3.95	2	0	0
PU101	39.689224	-4.637604	1	2	0
PU102	40.734771	-3.202515	2	4	0
PU103	40.154722	-4.789722	1	2	0
PU104	39.507749	-4.518814	1	2	0
PU106	43.040211	-3.666923	2	1	0
PU107	42.968047	-3.743232	2	1	0
PU108	28.55444444	-16.18666667	1	2	0
PU109	28.12527778	-17.20583333	1	2	0
PU11	49.29255	14.47081389	2	4	2
PU110	36.51972222	-5.546111111	1	0	0
PU111	28.144664	-17.236921	1	2	0
PU112	43.93333333	5.583333333	1	2	0
PU113	44.03333333	5.333333333	2	4	0
PU114	50.52777778	-3.814722222	3	3	0
PU115	50.64222222	-4.108333333	2	1	0
PU116	50.69666667	-3.119722222	2	1	0
PU117	46.2	7.583333	3	4	0
PU118	42.47311	1.501007	2	4	0
PU119	59.901938	16.600685	2	4	0
PU12	49.361725	16.74595833	2	1	2
PU120	65.426	21.85	2	4	0
PU121	59.250261	17.84008	2	1	0
PU122	51.89888889	-3.367222222	2	1	0
PU123	51.88805556	-3.380277778	2	1	0
PU124	46.519599	5.912533	2	4	0
PU126	46.367009	5.916395	2	2	0
PU127	28.55533	-16.18614	1	4	0
PU128	46.500992	7.671547	2	2	0
PU129	28.65452778	-17.82760278	1	1	0
PU13	50.73666667	15.72611111	2	2	0
PU130	28.65143333	-17.81978333	1	2	0
PU131	28.65385	-17.82168333	1	2	0
PU132	28.75683333	-17.78143333	1	1	0
PU133	50.52222222	5.495277778	2	4	0
PU134	58.86666667	26.26666667	2	2	0
PU135	37.733052	26.831954	1	0	0
PU137	38.65361111	-28.06805556	3	1	0
PU138	38.53	-28.663	3	1	0
PU139	38.60202778	-28.70913889	3	1	0
PU14	50.23972222	5.603888889	2	1	1
PU140	48.5794	14.6919	2	4	0
PU141	50.654358	1.804504	2	1	0
PU142	50.645396	1.622057	2	1	0
PU143	42.96666667	-1.233333333	0	4	0
PU145	43.13333333	-1.6	2	0	0
PU146	42.98341667	0.74965	2	4	0
PU147	32.83333333	-17.16666667	1	2	0
PU148	32.75	-17.03333333	1	2	0
PU149	32.73333333	-16.88333333	1	2	0
PU15	50.485	5.586111111	2	4	1
PU150	32.83333333	-17.16666667	1	2	1
PU151	55.306385	-4.393845	0	0	0
PU152	55.863698	-2.142971	0	0	0
PU153	39.800162	2.811565	0	2	0
PU154	42.50927778	2.913611111	2	1	5
PU155	42.98166667	12.46638889	2	0	0
PU156	38.790754	-9.393654	1	0	0
PU157	32.73722222	-16.85583333	1	2	0
PU158	50.371525	6.782341	3	1	0
PU159	32.74777778	-17.04027778	1	2	0
PU16	52.45277778	13.30694444	2	1	2
PU160	32.73805556	-16.84166667	1	2	0
PU161	32.79583333	-17.11333333	2	0	0
PU163	41.8116	9.396	0	0	0
PU164	42.48577778	18.65219444	1	2	0
PU165	45.53464167	17.72619444	2	4	1
PU166	37.062763	22.356938	0	2	0
PU167	42.00272222	27.4435	0	0	3
PU168	45.38275	14.87236111	2	4	2
PU169	39.436193	23.040619	2	4	0
PU17	48.42805556	21.46555556	2	4	2
PU170	41.188602	40.987043	2	4	0
PU171	48.58394444	20.73769444	2	4	2
PU172	38.784112	-9.384125	1	2	3
PU173	38.783464	-9.416675	1	2	0
PU174	41.81358333	-7.891777778	2	5	0
PU176	50.93333333	11.58333333	2	1	0
PU178	59.908222	5.282822	2	1	0
PU179	55.92569444	-2.332027778	2	1	0
PU18	48.10388889	22.52722222	2	4	1
PU181	49.21666667	-123.1333333	2	1	0
PU182	49.21666667	-123.1333333	2	1	0
PU183	49.30361111	-123.145	0	1	0
PU184	49.30361111	-123.145	2	1	0
PU185	49.25	-123.1333333	2	1	0
PU186	48.43333333	-123.3	0	4	0
PU19	47.69944444	18.44472222	3	1	1
PU2	58.86666667	26.05	2	0	2
PU20	48.11055556	20.53666667	2	4	2
PU21	46.91722222	17.58833333	2	0	2
PU22	43.20583333	23.05694444	2	4	2
PU23	43.14777778	19.09666667	2	4	2
PU24	42.35277778	19.03555556	1	2	3
PU25	43.46055556	20.26194444	2	4	2
PU26	43.94611111	19.37361111	2	4	2
PU27	43.27666667	22.06833333	2	4	2
PU28	59.44198352	5.9751274	2	4	0
PU29	43.441515	39.927306	2	4	0
PU3	28.518154	-16.284758	1	2	3
PU31	53.397206	-9.920672	2	0	0
PU32	53.031796	-9.290864	2	4	3
PU35	47.161346	9.55602	2	1	1
PU36	37.807976	28.857496	1	4	2
PU39	28.548839	-16.204416	2	2	3
PU4	60.58329123	22.70732582	2	1	2
PU40	50.094614	19.403749	2	1	0
PU42	43.472352	6.570059	2	0	0
PU44	47.844162	6.570871	2	4	0
PU45	43.629091	2.392661	0	1	2
PU46	43.388597	2.58183	0	2	3
PU48	43.4	45.716667	0	4	2
PU49	51.763096	-0.582757	2	1	2
PU5	62.15470523	22.11906236	2	0	2
PU50	28.12666667	-17.21611111	3	2	3
PU51	28.12666667	-17.2	1	2	3
PU52	38.468967	-28.203683	1	1	4
PU53	39.447471	-31.193945	3	0	2
PU54	38.683271	-27.180978	3	1	2
PU55	43.83	7.302	2	4	2
PU56	58.93333333	18.31666667	3	1	2
PU57	55.69166667	36.71666667	2	1	1
PU59	50.706776	7.198407	2	1	2
PU6	60.26768901	24.90225295	2	1	2
PU60	44.01055556	7.460277778	2	0	2
PU61	46.17305556	10.7375	2	4	2
PU62	45.86138889	9.015277778	3	4	2
PU63	46.15444444	10.98361111	2	4	1
PU64	49.240999	-0.754919	0	1	1
PU65	38.7467	-27.367019	0	0	0
PU66	38.455101	-28.2545389	3	1	0
PU67	36.104926	-5.607411	1	2	3
PU68	36.098764	-5.606666	1	2	3
PU69	46.581848	4.827279	3	4	1
PU7	60.27727152	22.42539144	2	1	1
PU70	44.120831	3.583098	2	4	2
PU71	44.180863	3.43001	2	4	2
PU72	45.88277778	9.227222222	1	0	2
PU73	38.44555556	-28.12805556	3	0	2
PU74	38.40388889	-28.22083333	3	1	2
PU75	45.91361111	9.186111111	2	4	2
PU76	40.94602778	21.86336111	1	2	0
PU77	41.03408333	21.23475	1	4	1
PU78	40.52363889	20.81466667	2	4	2
PU79	46.46166667	5.932777778	2	4	2
PU8	60.3220354	21.30570241	2	4	1
PU80	37.865743	21.64651	1	2	3
PU81	38.074064	22.393436	1	2	3
PU82	37.778043	21.959977	1	2	3
PU83	58.01944444	24.68277778	1	4	1
PU84	59.32583333	26.5875	2	0	2
PU85	58.6	23.21666667	2	1	2
PU86	43.949	10.216	0	0	0
PU87	28.156029	-17.213909	1	2	3
PU88	28.365346	-16.815992	1	0	3
PU9	60.09560649	22.83676906	2	1	2
PU90	50.41148	5.36355	3	1	2
PU92	57.06666667	28.98333333	2	1	0
PU93	59.88333333	29.86666667	2	4	1
PU94	28.461599	-16.40394	0	0	0
PU95	42.9925	-6.4258	2	4	2
PU96	40.278333	-5.501944	2	1	0
PU97	41.323611	-6.383333	1	2	3
PU98	42.235833	-6.8	2	4	1
PU99	43.163267	-4.474665	2	4	1
			