individual	latitude	longitude	locus1	locus2	locus3	locus4	locus5	locus6	locus7	locus8	locus9	locus10	locus11	locus12	locus13
RI96	61.5	27.25	90	92	72	73	71	124	76	75	83	181	83	127	106
RI97	61.5	27.25	90	92	72	73	71	120	76	75	89	181	83	127	106
RI88	61.5	27.25	90	92	72	73	71	118	76	75	83	181	83	131	106
RI99	61.5	27.25	90	107	72	73	91	122	76	75	83	181	83	125	106
RI100	61.5	27.25	90	101	72	73	91	118	76	75	89	181	83	125	122
RI101	61.5	27.25	90	92	72	73	75	124	76	75	95	181	83	127	128
RI522	61.5	27.25	90	92	72	77	71	130	76	75	83	171	83	125	122
RI523	61.5	27.25	90	92	72	73	71	128	76	75	99	181	83	127	128
RI524	61.5	27.25	90	92	72	75	71	128	76	75	99	171	83	127	126
RI525	61.5	27.25	78	92	72	75	71	128	76	75	83	181	83	127	122
RI526	61.5	27.25	78	92	72	75	71	128	76	75	83	181	83	125	120
RI527	61.5	27.25	90	92	72	75	71	128	76	75	83	181	83	127	120
RI528	61.5	27.25	90	98	72	75	75	128	76	75	83	181	83	127	120
NUX211	60.28333333	24.58333333	90	92	72	73	71	120	76	75	89	187	83	127	106
NUX212	60.28333333	24.58333333	90	92	72	73	71	120	76	75	89	187	83	127	106
NUX213	60.28333333	24.58333333	90	98	72	75	71	120	76	75	89	187	83	123	106
NUX214	60.28333333	24.58333333	90	92	72	73	71	128	76	75	89	187	83	127	106
NUX215	60.28333333	24.58333333	90	92	72	73	71	130	76	75	83	187	83	129	106
NUX216	60.28333333	24.58333333	90	92	72	73	73	120	76	75	83	187	83	127	106
NUX217	60.28333333	24.58333333	90	92	72	73	75	130	76	75	89	187	83	127	106
NUX218	60.28333333	24.58333333	90	92	72	73	71	120	76	75	83	187	83	123	118
NUX219	60.28333333	24.58333333	90	92	72	73	71	120	76	75	83	187	83	127	126
NUX220	60.28333333	24.58333333	90	92	72	73	71	128	76	75	89	187	83	127	114
NUZ822	60.28333333	24.58333333	90	104	72	79	73	118	76	75	73	187	83	127	126
NUZ823	60.28333333	24.58333333	90	104	72	79	73	120	76	75	83	187	83	127	120
NUZ824	60.28333333	24.58333333	90	92	72	79	75	118	76	75	75	187	83	127	120
NUZ825	60.28333333	24.58333333	90	101	72	81	73	120	74	75	85	181	83	125	114
NUZ826	60.28333333	24.58333333	90	92	72	79	73	118	74	75	77	181	83	125	120
NUA536	60.28333333	24.58333333	90	104	72	75	79	130	76	75	85	185	83	123	126
NUA537	60.28333333	24.58333333	90	104	74	75	73	130	74	71	83	185	83	127	118
NUA538	60.28333333	24.58333333	90	101	80	75	75	128	74	75	85	187	83	131	120
NUA539	60.28333333	24.58333333	90	104	74	75	73	130	74	75	89	185	83	127	126
NUA540	60.28333333	24.58333333	88	98	74	75	75	132	76	75	87	185	83	125	118
NUA541	60.28333333	24.58333333	90	104	74	75	73	134	76	75	83	187	83	127	126
NUA542	60.28333333	24.58333333	90	107	74	77	75	134	74	75	87	183	83	127	118
NUA543	60.28333333	24.58333333	90	110	74	77	75	134	78	75	85	185	83	127	126
NUA544	60.28333333	24.58333333	90	104	72	77	75	130	76	75	83	185	83	127	112
NUA545	60.28333333	24.58333333	90	107	72	77	73	132	74	75	89	185	83	127	126
NUA546	60.28333333	24.58333333	90	110	74	75	73	134	74	75	83	185	83	127	122
NUA547	60.28333333	24.58333333	90	92	74	75	73	134	76	75	85	185	83	125	126
NUA548	60.28333333	24.58333333	90	92	76	75	75	134	78	75	83	187	83	125	120
NUA549	60.28333333	24.58333333	90	101	76	75	77	126	76	75	83	187	83	125	120
NUA550	60.28333333	24.58333333	90	101	84	75	81	132	74	75	85	187	83	125	120
NUB551	60.28333333	24.58333333	90	104	74	75	73	136	76	75	85	187	83	133	120
NUB552	60.28333333	24.58333333	90	104	74	75	75	136	76	75	83	187	83	129	120
NUB553	60.28333333	24.58333333	86	107	76	75	75	140	74	75	83	187	83	125	120
NUB554	60.28333333	24.58333333	90	107	76	75	75	134	76	75	83	187	83	133	126
NUB555	60.28333333	24.58333333	90	104	74	75	75	134	76	75	85	191	83	123	120
NUB556	60.28333333	24.58333333	92	101	74	75	75	142	74	75	83	187	83	123	120
NUB557	60.28333333	24.58333333	90	104	74	75	77	132	74	75	93	187	83	127	118
NUB558	60.28333333	24.58333333	90	104	74	75	77	146	76	75	85	187	83	129	120
NUB559	60.28333333	24.58333333	86	104	74	75	77	140	74	75	83	185	83	127	120
NUB560	60.28333333	24.58333333	88	95	70	75	81	136	74	75	83	185	83	125	112
NUB561	60.28333333	24.58333333	92	101	74	85	75	134	80	75	85	187	83	125	120
NUB562	60.28333333	24.58333333	88	104	76	77	75	132	76	75	85	193	83	125	118
NUB563	60.28333333	24.58333333	90	110	78	79	75	120	86	75	89	187	83	127	120
NUB564	60.28333333	24.58333333	90	107	78	79	75	118	68	75	89	187	83	127	114
NUB565	60.28333333	24.58333333	90	101	78	79	77	118	68	75	89	187	83	135	114
NUC594	60.28333333	24.58333333	90	110	74	77	75	134	76	75	95	185	83	127	120
NUC595	60.28333333	24.58333333	90	104	74	77	75	132	74	75	83	187	83	127	120
NUC596	60.28333333	24.58333333	88	98	74	77	75	134	74	75	83	189	83	127	120
NUC597	60.28333333	24.58333333	90	110	78	77	73	136	76	75	83	185	83	127	120
NUC598	60.28333333	24.58333333	90	104	76	77	75	132	76	75	83	185	83	131	118
NUC599	60.28333333	24.58333333	94	98	74	79	75	136	74	75	89	187	83	127	120
NUC600	60.28333333	24.58333333	90	104	74	79	75	132	74	75	85	189	83	139	120
NUC601	60.28333333	24.58333333	88	104	74	91	75	138	76	75	83	187	83	127	120
NUC602	60.28333333	24.58333333	92	104	76	79	75	138	74	75	85	189	83	127	120
NUC603	60.28333333	24.58333333	88	104	74	79	73	136	74	75	89	187	83	127	118
NUC604	60.28333333	24.58333333	92	104	74	79	73	140	74	75	89	187	83	127	120
NUC605	60.28333333	24.58333333	90	101	76	77	75	140	74	75	89	187	83	125	120
NUC606	60.28333333	24.58333333	84	101	74	77	73	136	74	75	85	187	83	125	120
NUC607	60.28333333	24.58333333	90	98	74	79	73	134	74	75	83	187	83	123	112
NUC608	60.28333333	24.58333333	84	98	74	79	73	138	74	75	89	187	83	127	114
NUD609	60.28333333	24.58333333	88	98	76	79	75	136	76	75	83	187	83	127	120
NUD610	60.28333333	24.58333333	90	107	74	77	73	134	74	75	89	187	83	127	120
NUD611	60.28333333	24.58333333	88	98	74	81	73	134	74	75	83	185	83	133	128
NUD612	60.28333333	24.58333333	88	95	72	81	75	132	74	75	83	189	83	125	126
NUD613	60.28333333	24.58333333	94	101	74	81	73	146	74	75	83	187	83	127	126
NUD614	60.28333333	24.58333333	88	101	72	79	73	136	74	75	85	195	83	127	120
NUD615	60.28333333	24.58333333	90	101	74	77	75	134	76	75	85	195	83	127	120
NUD616	60.28333333	24.58333333	90	101	76	77	75	136	76	75	89	187	83	127	114
NUD617	60.28333333	24.58333333	90	101	74	77	75	130	74	75	83	187	83	129	126
NUD618	60.28333333	24.58333333	86	101	76	77	75	128	74	75	89	185	83	131	120
NUD619	60.28333333	24.58333333	90	107	74	77	75	134	74	75	83	185	83	127	120
NUD620	60.28333333	24.58333333	90	101	74	77	73	132	76	75	83	187	83	133	126
NUD621	60.28333333	24.58333333	92	101	74	77	75	134	76	75	83	187	83	127	120
NUD622	60.28333333	24.58333333	90	101	74	77	75	132	74	75	77	187	83	127	120
SALI752	60.13333333	25.03333333	90	95	72	73	71	122	74	75	89	181	83	131	114
SALI753	60.13333333	25.03333333	90	110	72	73	71	122	74	75	89	181	83	127	114
SALI754	60.13333333	25.03333333	90	101	72	73	71	122	74	75	89	183	83	127	114
SALI755	60.13333333	25.03333333	90	92	72	73	71	122	74	75	89	183	83	127	114
SALI756	60.13333333	25.03333333	90	116	72	75	71	122	74	75	89	183	83	127	114
SALI757	60.13333333	25.03333333	90	116	72	73	71	122	76	75	89	183	83	127	114
SALI758	60.13333333	25.03333333	90	101	72	73	71	124	74	75	89	181	83	127	120
SALI759	60.13333333	25.03333333	90	104	72	73	71	124	74	75	89	181	83	127	114
SALI760	60.13333333	25.03333333	90	101	72	73	71	124	74	75	89	181	83	127	114
SALI761	60.13333333	25.03333333	90	95	72	73	71	124	74	75	89	183	83	127	126
SALI762	60.13333333	25.03333333	90	116	72	75	71	122	74	75	89	183	83	127	114
SALI763	60.13333333	25.03333333	90	101	72	73	71	122	74	75	89	183	83	125	126
SAAM764	60.15	25.03333333	90	104	72	73	71	122	72	75	89	181	83	125	114
SAAM765	60.15	25.03333333	90	92	72	73	71	122	74	75	89	181	83	139	114
SAAM766	60.15	25.03333333	90	101	72	73	71	124	74	75	89	183	83	125	114
SAAM767	60.15	25.03333333	90	110	72	73	71	124	74	75	89	183	83	125	114
SAAM768	60.15	25.03333333	90	110	72	75	71	124	74	75	93	181	83	125	114
SAAM769	60.15	25.03333333	90	95	72	73	71	124	74	75	89	181	83	127	120
SAAM770	60.15	25.03333333	90	95	74	73	71	124	74	75	89	181	83	123	126
SAAM771	60.15	25.03333333	90	104	74	73	71	124	74	75	89	181	83	131	114
SAAM772	60.15	25.03333333	90	104	72	73	71	124	72	75	89	183	83	127	120
SAAM773	60.15	25.03333333	90	110	72	73	71	124	74	75	81	183	83	125	120
SAAM774	60.15	25.03333333	90	89	72	79	71	122	68	75	77	187	83	123	126
SAKI775	60.15	25.06666667	90	104	72	73	71	122	72	75	89	183	83	127	118
SAKI776	60.15	25.06666667	90	92	72	73	71	122	72	75	89	183	83	127	126
SAKI777	60.15	25.06666667	90	101	72	73	71	124	74	75	89	183	83	127	118
SAKI778	60.15	25.06666667	90	110	72	73	71	124	74	75	89	183	83	133	118
SAKI779	60.15	25.06666667	90	110	74	73	71	124	74	75	89	183	83	127	126
SAKI780	60.15	25.06666667	90	110	72	73	71	124	74	75	89	183	83	127	120
SAKI781	60.15	25.06666667	90	92	78	79	77	120	68	75	77	187	83	127	126
SAKI782	60.15	25.06666667	90	107	78	79	75	118	68	75	77	185	83	127	0
SAKI783	60.15	25.06666667	90	104	78	79	75	122	68	75	77	185	83	123	120
SAKI784	60.15	25.06666667	90	95	78	79	75	118	70	75	73	185	83	129	0
SAKI785	60.15	25.06666667	90	110	76	77	77	118	68	75	77	195	83	129	0
SAKI786	60.15	25.06666667	90	101	76	77	77	120	78	75	77	187	83	127	126
HA767	60.15	24.95	0	92	78	79	77	118	68	75	91	187	83	125	114
HA768	60.15	24.95	0	92	78	79	77	122	76	75	85	181	83	127	120
HA769	60.15	24.95	0	92	78	79	75	118	74	75	77	181	83	127	120
HA771	60.15	24.95	0	92	78	79	75	124	74	75	95	183	83	123	126
HA772	60.15	24.95	0	92	78	79	77	124	74	75	105	183	83	127	120
HA773	60.15	24.95	90	92	78	79	75	118	74	75	85	187	83	123	120
HA774	60.15	24.95	0	104	78	79	77	118	74	75	77	187	83	127	120
HA775	60.15	24.95	0	101	78	79	75	118	74	75	77	187	83	127	120
HA776	60.15	24.95	0	98	78	79	75	120	74	75	83	187	83	127	120
HA777	60.15	24.95	0	101	78	79	75	118	74	71	83	185	83	127	126
HA778	60.15	24.95	0	92	82	77	77	120	74	75	85	185	83	129	114
HA779	60.15	24.95	0	92	76	79	77	120	74	71	77	187	83	127	120
HA780	60.15	24.95	0	92	78	79	77	118	74	71	83	185	83	129	114
HA781	60.15	24.95	84	89	78	91	69	122	78	71	77	189	83	131	0
MU782	60.18333333	24.98333333	90	101	78	79	69	118	78	71	77	189	83	131	118
MU783	60.18333333	24.98333333	90	86	78	79	69	120	78	71	77	181	83	131	118
MU784	60.18333333	24.98333333	90	92	78	79	69	120	78	73	77	181	83	131	118
MU785	60.18333333	24.98333333	90	95	78	79	69	118	78	73	77	189	83	127	118
MU786	60.18333333	24.98333333	88	92	78	79	69	118	80	73	79	189	83	127	118
MU787	60.18333333	24.98333333	90	92	82	79	69	118	78	73	79	185	83	131	114
MU788	60.18333333	24.98333333	90	95	78	79	69	118	80	73	77	185	83	127	114
MU789	60.18333333	24.98333333	90	89	80	79	69	118	76	73	77	185	83	127	114
MU790	60.18333333	24.98333333	90	89	72	79	69	118	78	73	77	185	83	127	114
MU791	60.18333333	24.98333333	90	92	72	79	69	120	80	75	87	185	83	125	120
KU832	60.1	25.01666667	90	92	72	79	69	118	80	75	77	185	83	127	114
KU833	60.1	25.01666667	90	104	72	79	69	118	78	75	77	185	83	127	114
KU834	60.1	25.01666667	90	95	72	77	71	118	76	75	83	187	83	131	120
KU835	60.1	25.01666667	90	95	72	79	69	118	78	79	77	187	83	127	120
KU836	60.1	25.01666667	90	95	72	79	69	118	84	75	77	187	83	127	120
KU867	60.1	25.01666667	88	95	72	77	69	120	78	75	77	187	83	127	114
KU868	60.1	25.01666667	90	92	72	79	69	118	84	75	77	187	83	125	120
KU869	60.1	25.01666667	90	98	72	79	69	118	82	73	77	185	83	127	118
KU870	60.1	25.01666667	90	101	72	79	69	118	82	75	77	183	83	127	120
KU871	60.1	25.01666667	90	101	72	79	69	130	78	75	75	185	83	131	118
KU872	60.1	25.01666667	90	110	72	79	69	130	80	75	75	183	83	127	114
KU873	60.1	25.01666667	90	89	72	79	69	118	78	75	75	183	83	125	118
KU874	60.1	25.01666667	90	107	72	79	69	130	82	75	75	183	83	127	114
KU875	60.1	25.01666667	90	86	72	79	69	118	78	83	75	185	83	127	114
KU876	60.1	25.01666667	90	92	72	77	69	118	78	75	75	187	83	127	118
KU877	60.1	25.01666667	90	92	72	77	71	130	78	75	77	183	83	127	116
KU878	60.1	25.01666667	90	92	72	77	75	120	78	75	85	183	83	127	120
KU879	60.1	25.01666667	90	92	72	79	75	132	78	69	85	185	83	127	120
KU880	60.1	25.01666667	90	98	72	79	75	118	78	75	85	185	83	127	120
KU881	60.1	25.01666667	90	95	72	79	75	118	74	75	85	185	83	125	120
KU882	60.1	25.01666667	90	92	72	79	75	118	78	75	85	183	83	127	118
KU883	60.1	25.01666667	90	92	72	79	75	118	74	77	75	183	83	129	114
KU884	60.1	25.01666667	90	98	72	79	75	130	74	75	77	183	83	127	118
KU885	60.1	25.01666667	90	101	72	79	75	118	78	75	77	183	83	123	118
KU886	60.1	25.01666667	90	98	72	79	75	118	80	75	77	185	83	125	114
KU887	60.1	25.01666667	90	98	72	79	75	118	72	75	79	185	83	127	126
KU888	60.1	25.01666667	90	98	72	77	75	118	70	75	91	185	83	127	120
KU889	60.1	25.01666667	90	98	72	77	75	118	68	73	87	185	83	125	126
KU890	60.1	25.01666667	90	104	72	79	75	118	68	75	89	183	83	127	118
KU891	60.1	25.01666667	92	95	72	77	75	118	78	75	87	185	83	121	118
KU892	60.1	25.01666667	90	92	72	73	75	118	78	75	97	189	83	127	118
KU893	60.1	25.01666667	90	89	72	73	75	118	78	75	85	189	83	125	118
KU894	60.1	25.01666667	90	95	72	75	75	118	80	77	103	187	83	127	126
KU895	60.1	25.01666667	90	95	72	73	75	118	78	73	85	183	83	133	126
KU896	60.1	25.01666667	90	92	72	73	75	118	78	75	101	183	83	125	126
KU897	60.1	25.01666667	90	92	72	73	75	118	78	75	87	183	83	123	120
KU898	60.1	25.01666667	90	95	72	73	75	118	80	75	91	185	83	129	126
KU899	60.1	25.01666667	90	101	68	73	75	118	78	75	95	183	83	125	114
KU900	60.1	25.01666667	90	92	72	73	75	118	78	75	113	183	83	127	120
KU901	60.1	25.01666667	88	104	74	73	75	118	78	75	87	183	83	131	120
KU902	60.1	25.01666667	90	101	72	73	75	118	78	75	99	183	83	127	114
KU903	60.1	25.01666667	90	104	72	73	75	118	68	75	101	187	83	127	114
KU904	60.1	25.01666667	90	98	72	75	75	130	62	73	89	187	83	127	114
KU905	60.1	25.01666667	90	98	72	73	75	132	78	75	89	185	83	127	118
															
