Individual	latitude	longitude	locus1	locus2	locus3	locus4	locus5	locus6	locus7	locus8	locus9	locus10
MUNDO7	38.45183333	-2.434666667	138138	101101	170170	143143	173173	120120	134134	105105	144144	175175
MUNDO14	38.45183333	-2.434666667	138138	101101	170170	143143	173173	120120	134136	105105	144144	175175
MUNDO11	38.45183333	-2.434666667	138138	101101	170170	143143	173173	124124	136136	105105	144144	175175
MUNDO10	38.45183333	-2.434666667	138138	101101	170170	143143	173173	126126	136136	105105	144144	175175
MUNDO1	38.45183333	-2.434666667	138138	101101	172172	143143	173173	120120	134134	105105	144144	174174
USERO1	38.02283333	-1.670833333	138138	103103	170170	149149	171171	111111	134134	105105	144144	173173
HOYAS2	37.20216667	-2.517166667	134134	101101	170170	116116	173173	122122	134134	105105	144144	175175
HOYAS1	37.20216667	-2.517166667	138138	101101	170170	149149	173173	122122	134134	105105	144144	175175
TORIL2	37.20283333	-2.525833333	134134	101101	170170	116116	173173	122122	134134	105105	144144	175175
SANJUAN6	37.25666667	-2.442833333	138138	101101	170170	147147	175175	120120	136136	105105	124124	175175
SANJUAN10	37.25666667	-2.442833333	146146	105105	170170	143143	173173	122122	134134	105105	144144	173173
SANJUAN1	37.25666667	-2.442833333	146146	105105	170170	143143	173173	122122	134134	105105	144144	175175
GUADALQ2	37.9255	-2.923166667	138138	101101	170170	143143	171171	130130	136136	105105	144144	175175
GUADALQ4	37.9255	-2.923166667	138138	103103	170170	143143	173173	126126	134134	105105	144144	175175
GUADALQ1	37.9255	-2.923166667	146146	101101	170170	116116	173173	124124	136136	105105	144144	174174
DILAR3	37.06883333	-3.5745	138138	101101	170170	143143	173173	120120	134134	105105	144144	173173
DILAR4	37.06883333	-3.5745	138138	101101	172172	143143	173173	122122	134134	105105	144144	175175
DILAR1	37.06883333	-3.5745	138146	101101	170172	143143	173173	122122	134134	105105	144144	173175
JERONIMO1	37.10583333	-3.439166667	148148	101101	170170	116116	173173	126126	136136	105105	144144	175175
BLANCAS8	37.19033333	-3.451833333	138138	101101	170170	143143	173173	122122	134134	105105	144144	175175
BLANCAS2	37.19033333	-3.451833333	138138	101101	170170	145145	173173	124124	136136	105105	144144	175175
BLANCAS5	37.19033333	-3.451833333	138138	101101	172172	143143	173173	122122	134134	105105	124124	175175
BLANCAS3	37.19033333	-3.451833333	146146	101101	170170	116116	173173	128128	136136	105105	144144	175175
BLANCAS1	37.19033333	-3.451833333	146146	101101	172172	143143	173173	122122	134134	105105	144144	175175
SABAR2	36.95033333	-4.250666667	138138	101101	170170	143143	173173	122122	134134	105105	124124	173173
SABAR1	36.95033333	-4.250666667	138138	101101	172172	147147	173173	126126	134134	105105	124124	175175
CABRA11	37.45966667	-4.419666667	138138	101101	170170	143143	175175	118118	134134	105105	144144	175175
CABRA1	37.45966667	-4.419666667	138138	101101	170170	147147	173173	126126	136136	105105	144144	173173
FAIRR1	38.6	-28.70233333	140140	101101	170170	143143	173173	120120	134134	105105	144144	0
FAIRR2	38.5765	-28.703	138138	101101	170170	143143	173173	126126	134134	105105	144144	0
FAIRR3-2	38.5515	-28.70683333	138138	101101	170170	143143	173173	126126	134134	105105	144144	173173
FAIRR3-4	38.5515	-28.70683333	138138	103103	170170	143143	173173	126126	134134	105105	144144	173173
FAJ1	39.43366667	-31.23766667	140140	103103	170170	143143	171171	118118	134134	105105	144144	173173
BAC6	39.46283333	-31.254	138138	103103	170170	139139	175175	118118	134134	105105	144144	174174
BAC1	39.46283333	-31.254	140140	103103	170170	143143	171171	120120	134134	105105	144144	173173
FLORRR1	39.4415	-31.168	138138	103103	170170	143143	175175	118118	134134	105105	144144	174174
FLORRR7	39.4415	-31.168	140140	101101	170170	143143	171171	126126	134134	105105	144144	173173
FLORRR5	39.4415	-31.168	140140	103103	170170	143143	171171	120120	134134	105105	144144	173173
FLORRR2	39.4415	-31.168	140140	105105	170170	145145	175175	118118	134134	105105	144144	173173
FLORRR6	39.4415	-31.168	140140	101101	170170	143143	171171	126126	134134	105105	144144	0
MOS3	39.40933333	-31.2505	140140	101101	170170	143143	171171	126126	134134	105105	144144	173173
MOS2	39.40933333	-31.2505	140140	103103	170170	143143	171171	126126	134134	105105	144144	173173
PON1	39.47616667	-31.25333333	138138	103103	170170	143143	175175	118118	134134	105105	144144	174174
ANDT1-1	28.02816667	-15.599	140140	101101	170170	147147	173173	122122	134134	105105	144144	173173
ANDT2-1	28.035	-15.423	140140	101101	170170	147147	173173	122122	134134	105105	144144	173173
ANDT3-1	28.03866667	-15.58916667	138138	101101	170170	147147	173173	122122	134134	105105	144144	173173
MINA II	28.01783333	-15.55866667	146146	101101	172172	143143	173173	120120	134134	105105	144144	173173
TEJ1	28.0015	-15.57483333	138138	101101	170170	147147	173173	120120	134134	105105	144144	0
IJOU1	31.00066667	-8.155333333	138138	0	170170	143143	173173	126126	134134	105105	144144	173173
OUKA1	31.28833333	-7.771166667	140140	101101	170170	143143	173173	120120	134134	105105	144144	173173
OUKA2	31.28833333	-7.771166667	140140	101101	170170	145145	173173	126126	134134	105105	144144	173173
OUKA4	31.28833333	-7.771166667	140140	111111	166166	143143	173173	0	132132	0	146146	0
OUR1	31.22033333	-7.668666667	138138	101101	170170	143143	173173	120120	134134	105105	144144	175175
OUR7	31.22033333	-7.668666667	140140	101101	170170	143143	173173	120120	134134	105105	144144	173173
OUR9	31.22033333	-7.668666667	140140	111111	170170	143143	173173	120120	134134	105105	144144	173173
OUR6	31.22033333	-7.668666667	140140	111111	170170	145145	173173	120120	134134	105105	144144	173173
OUR4	31.22033333	-7.668666667	142142	111111	170170	145145	173173	120120	134134	105105	144144	173173
OUR2	31.22033333	-7.668666667	146146	101101	170170	143143	173173	120120	134134	105105	144144	173173
OUR5	31.22033333	-7.668666667	140140	0	165165	143143	173173	0	123134	105105	155155	0
OUZ1	32.00966667	-6.7175	148148	103103	170170	143143	173173	128128	134134	105105	124124	0
RUOUK5	31.28416667	-7.8085	140140	101101	170170	143143	173173	120120	134134	105105	124124	175175
RUOUK1	31.28416667	-7.8085	140140	101101	170170	143143	173173	120120	134134	105105	144144	174174
RUOUK4	31.28416667	-7.8085	140140	101101	170170	143143	173173	126126	134134	105105	144144	174174
RUOUK2	31.28416667	-7.8085	148148	111111	170170	143143	173173	120120	134134	105105	144144	174174
TIZI1	31.284	-7.375666667	138138	101101	170170	143143	173173	124124	134134	105105	124124	173173
LAJA1	28.15333333	-17.20433333	138138	101101	170170	147147	173173	120120	134134	105105	144144	173173
HERM1	28.12916667	-17.208	138138	101101	170170	147147	173173	124124	134134	105105	144144	173173
CEDRO1	28.14116667	-17.21166667	138138	101101	170170	147147	173173	120120	134134	105105	144144	173173
CEDRO5	28.14116667	-17.21166667	138138	101101	170170	147147	173173	124124	134134	105105	144144	173173
GUADA2	28.11716667	-17.30316667	138138	101101	170170	145145	173173	120120	134134	105105	144144	173173
GUADA1	28.11716667	-17.30316667	0	93093	168168	139139	0	123123	121121	105105	127127	0
TABU3	28.69666667	-17.89616667	138138	101101	170170	145145	173173	118118	134134	105105	144144	173173
TABU2	28.69666667	-17.89616667	138138	101101	170170	147147	173173	122122	134134	105105	144144	173173
MARCOS1-4	28.77283333	-17.81183333	138138	101101	170170	147147	173173	120120	134134	105105	144144	173173
MARCOS2-2	28.76233333	-17.83016667	138138	101101	170170	147147	173173	120120	134134	105105	144144	173173
SAOJORGE1	32.792	-16.93533333	138138	101101	170170	147147	173173	120120	134134	105105	144144	173173
SAOJORGE4	32.792	-16.93533333	138138	101113	170170	147147	173173	120120	134134	105105	144144	173173
BOA3	32.80916667	-16.97033333	138138	101101	170170	145145	173173	120120	134134	105105	144144	173173
BOA1	32.80916667	-16.97033333	138138	101101	170170	147147	173173	120120	134134	105105	144144	173173
RAB2	32.7555	-17.12383333	138138	101101	170170	145145	173173	120120	134134	105105	144144	173173
RAB1	32.7555	-17.12383333	138138	101101	170170	147147	173173	120120	134134	105105	144144	173173
ASS1	32.3225	-6.334	148148	101101	170170	143143	173173	120120	134134	105105	124124	173173
ASS2	32.3225	-6.334	148148	101101	170170	143143	173173	120120	134134	105105	124124	177177
FOUM2	32.36916667	-6.251666667	140140	0	170170	143143	173173	126126	134134	105105	124124	177177
OUM3	33.052	-5.406666667	146146	101101	170170	143143	173173	126126	134134	105105	144144	174174
OUM4	33.052	-5.406666667	146146	101101	170170	143143	173173	126126	136136	105105	144144	174174
OUM2	33.052	-5.406666667	146146	101101	170170	143143	173173	128128	134134	105105	144144	173173
OUM1	33.052	-5.406666667	148148	101101	170170	143143	173173	126126	136136	105105	144144	174174
SEG0	33.45716667	-5.1405	146146	101101	170170	143143	173173	126126	134134	105105	124124	173173
TAZ1	32.1865	-6.359	138138	101101	170170	143143	173173	126126	134134	105105	144144	0
TEM1	32.63966667	-5.907	140140	101101	170170	143143	173173	126126	134134	105105	144144	173173
VIT1	33.55783333	-5.120333333	138138	101101	170170	143143	175175	126126	134134	105105	124124	173173
VIT8	33.55783333	-5.120333333	146146	101101	170170	143143	173173	124124	134134	105105	144144	173173
VIT23	33.55783333	-5.120333333	148148	101101	170170	143143	173173	124124	134134	105105	124124	175175
VIT3	33.55783333	-5.120333333	148148	101101	170170	143143	173173	124124	136136	105105	124124	173173
VIT9	33.55783333	-5.120333333	148148	101101	170170	143143	173173	124124	134134	105105	144144	0
ZAI7	33.1915	-5.417333333	140140	101101	170170	143143	173173	122122	134134	105105	124124	174174
ZAI2	33.1915	-5.417333333	140140	101101	170170	143143	173173	126126	134134	105105	124124	174174
ZAI6	33.1915	-5.417333333	140140	101101	170170	143143	173173	126126	136136	105105	124124	175175
ZAI9	33.1915	-5.417333333	140140	101101	170170	147147	173173	126126	134134	105105	124124	174174
FIFI3	35.00866667	-5.2025	138138	101101	170170	143143	173173	118118	134134	105105	124124	173173
FIFI1	35.00866667	-5.2025	138138	101101	170170	143143	173173	122122	134134	105105	124124	173173
FIFI7	35.00866667	-5.2025	138138	101101	170170	143143	173173	122122	134134	105105	124124	174174
FIFI6	35.00866667	-5.2025	138138	101101	170170	143143	173173	126126	134134	105105	124124	174174
FIFI2	35.00866667	-5.2025	138138	101101	170170	145145	173173	118118	134134	105105	124124	0
QUI2	35.51916667	-5.337333333	146146	101101	170170	143143	173173	126126	134134	105105	124124	175175
QUI4	35.51916667	-5.337333333	146146	101101	170170	143145	175175	128128	134134	105105	124124	175175
QUI3	35.51916667	-5.337333333	146146	101101	170170	145145	175175	126126	134134	105105	124124	175175
QUI5	35.51916667	-5.337333333	146146	101101	170170	145145	175175	128128	134134	105105	124124	175175
QUI1	35.51916667	-5.337333333	146146	101101	170170	143143	175175	126126	134134	105105	124124	0
RAS6	35.17	-5.253	138138	101101	170170	143143	173173	124124	134134	105105	136136	174174
RAS15	35.17	-5.253	138138	101101	170170	143143	173173	124124	134134	105105	136136	175175
RAS1	35.17	-5.253	138138	101101	170170	143143	173173	124124	134134	105105	136136	177177
RAS18	35.17	-5.253	138138	101101	170170	143143	173173	124124	134134	105105	142142	177177
RAS3	35.17	-5.253	138138	101101	170170	143143	173173	128128	137137	107107	139139	177177
RAS4	35.17	-5.253	138138	101101	170170	145145	173173	122122	134134	105105	136136	174174
GENAL1	36.619	-5.151666667	138138	101101	170170	116116	173173	126126	134134	105105	144144	173173
GENAL5	36.619	-5.151666667	138138	101101	170170	143143	173173	124124	134134	105105	144144	175175
GENAL3	36.619	-5.151666667	138138	101101	170170	143143	173173	126126	136136	105105	144144	175175
GENAL2	36.619	-5.151666667	146146	101101	170170	116116	173173	126126	136136	105105	124124	175175
GENAL7	36.619	-5.151666667	146146	101101	170170	143143	173173	126126	134134	105105	144144	174174
OJEN10	36.15716667	-5.573833333	138138	101101	170170	143143	173173	124124	136136	105105	144144	173173
OJEN9	36.15716667	-5.573833333	138138	101101	170170	143143	175175	124124	134134	105105	144144	173173
OJEN1	36.15716667	-5.573833333	138138	101101	170170	145145	175175	126126	134134	105105	144144	173173
OJEN5	36.15716667	-5.573833333	138138	101101	170170	143143	175175	124124	136136	0	144144	0
ESTRECHO	36.0695	-5.551166667	138138	101101	170170	143143	173173	124124	134134	105105	144144	173173
ALCOR7	36.54066667	-5.634333333	138138	101101	170170	143143	173173	122122	134134	105105	124124	173173
ALCOR4	36.54066667	-5.634333333	138138	101101	170170	143143	173173	122122	134134	105105	144144	173173
ALCOR1	36.54066667	-5.634333333	138138	101101	170170	143143	173173	122122	134134	105105	144144	175175
ALCOR2	36.54066667	-5.634333333	138138	101101	170170	143143	173173	126126	134134	105105	144144	175175
ALGIBRE4	36.52483333	-5.584333333	138138	101101	170170	145145	173173	122122	134134	105105	124124	173173
ALGIBRE2	36.52483333	-5.584333333	138138	101101	170170	145145	173173	126126	134134	105105	124124	175175
ALGIBRE8	36.52483333	-5.584333333	138138	101101	170170	145145	173173	126126	136136	105105	144144	173173
ALGIBRE1	36.52483333	-5.584333333	138138	109109	170170	145145	173173	122122	134134	105105	124124	174174
ALGIBRE6	36.52483333	-5.584333333	138138	109109	170170	145145	173173	122122	134134	105105	144144	173173
ALGIBRE10	36.52483333	-5.584333333	138138	109109	170170	145145	173173	126126	134134	105105	124124	175175
ALGIBRE3	36.52483333	-5.584333333	138138	101101	170170	143143	173173	122122	134134	105105	124124	0
ALGIBRE7	36.52483333	-5.584333333	146146	109109	170170	145145	173173	122122	134134	105105	124124	0
FOGO1	37.75016667	-25.47016667	140140	101101	170170	143143	173173	120120	134134	105105	144144	173173
FOGO2	37.75016667	-25.47016667	140140	103103	170170	143143	173173	126126	134134	105105	144144	173173
FU1	37.76816667	-25.326	140140	103103	170170	143143	173173	126126	134134	105105	144144	173173
FU2	37.76816667	-25.326	140140	103103	170170	143143	173173	128128	134134	105105	144144	173173
FU3	37.76816667	-25.326	140140	105105	170170	145145	175175	118118	134134	105105	144144	173173
POV2	37.7905	-25.22583333	140140	103103	170170	143143	173173	126126	134134	105105	144144	173173
CASTANUEL6	37.937	-6.576166667	138138	101101	170170	143143	173173	120120	134134	105105	144144	175175
CASTANUEL3	37.937	-6.576166667	140140	101101	170170	147147	173173	118118	134134	105105	144144	175175
CASTANUEL2	37.937	-6.576166667	146146	105105	170170	147147	173173	118118	134134	105105	144144	175175
CASTANUEL1	37.937	-6.576166667	138138	101101	170170	143143	173173	118118	134134	105105	144144	0
CHORROS10	37.87283333	-6.706666667	138138	101101	170170	143143	173173	124124	134134	105105	144144	173175
CHORROS4	37.87283333	-6.706666667	138138	101101	170170	143143	173173	124124	134134	105105	144144	175175
CHORROS9	37.87283333	-6.706666667	138138	101101	170170	143143	173173	124124	136136	105105	144144	175175
CHORROS1	37.87283333	-6.706666667	138138	101101	170170	143143	173173	126126	134134	105105	144144	173175
CHORROS2	37.87283333	-6.706666667	138138	101101	170170	143143	173173	126126	134134	105105	144144	175175
CHORROS7	37.87283333	-6.706666667	138138	101101	170170	145145	173173	118118	134134	105105	144144	175175
CHORROS5	37.87283333	-6.706666667	138138	101109	170170	143143	173173	126126	134134	105105	144144	175175
INFI1	28.12266667	-16.72116667	138138	101101	170170	147147	173173	118118	134134	105105	144144	173173
INFI2	28.12266667	-16.72116667	138138	101101	170170	149149	173173	118118	134134	105105	144144	173173
INFI4	28.12266667	-16.72116667	138138	103103	170170	143143	173173	128128	134134	105105	144144	173173
RIO5	28.15433333	-16.63833333	138138	103103	170170	143143	173173	126126	134134	105105	144144	173173
TEIDE1	28.211	-16.62983333	138138	103103	170170	143143	173173	126126	134134	105105	144144	173173
TEIDE5	28.211	-16.62983333	140140	103103	170170	143143	173173	126126	134134	105105	144144	173173
OLO10	41.3415	-7.779333333	0	97097	170170	147147	175175	0	121121	105105	127127	173173
OLO8	41.3415	-7.779333333	0	97097	165170	147147	0	0	121121	105105	127127	173173
OLO1	41.3415	-7.779333333	144144	0	170170	0	175175	0	123123	0	132132	173173
FERRA3	41.91766667	-6.904333333	146146	103103	170170	143143	171171	122122	134134	105105	144144	175175
FERRA4	41.91766667	-6.904333333	146146	103103	170170	143143	173173	122122	134134	105105	144144	175175
FERRA1	41.91766667	-6.904333333	146146	103103	172172	143143	173173	122122	134134	105105	144144	175175
SABOR1	41.6985	-6.7875	146146	105105	172172	149149	173173	124124	134134	105105	144144	173173
SABOR2	41.6985	-6.7875	138138	101101	178178	0	173173	0	134134	105105	144144	175175
ALVA5	40.41683333	-7.6035	0	97097	172172	139139	0	97097	130130	105105	127127	173173
ALVA3	40.41683333	-7.6035	0	97097	172172	139139	0	105105	140140	105105	127127	173173
ALVA7	40.41683333	-7.6035	0	97097	172172	139139	0	105105	140148	105105	127127	173173
ALVA4	40.41683333	-7.6035	0	97097	172172	139139	0	105105	148148	105105	127127	173173
ALVA2	40.41683333	-7.6035	0	97097	172172	0	0	107125	130148	105105	127127	173173
ZEZERE1-1	40.38383333	-7.545666667	138138	105105	170170	116116	171171	122122	134134	105105	144144	173173