individual	latitude	longitude	locus1	locus2	locus3	locus4	locus5	locus6	locus7	locus8	locus9	locus10	locus11	
651	60.21666667	25.03333333	90	124	106	74	62	77	71	74	70	114	184	
652	60.21666667	25.03333333	90	124	106	74	62	77	71	74	70	114	184	
653	60.21666667	25.03333333	90	124	106	74	62	77	71	74	70	114	184	
654	60.21666667	25.03333333	90	124	106	72	62	77	71	68	70	114	182	
655	60.21666667	25.03333333	90	122	106	74	62	77	71	74	70	114	182	
656	60.21666667	25.03333333	90	124	106	74	62	77	71	74	70	114	182	
657	60.21666667	25.03333333	90	124	106	74	62	77	71	68	70	114	186	
658	60.21666667	25.03333333	90	124	106	74	62	77	71	68	70	114	186	
659	60.21666667	25.03333333	90	122	106	74	62	77	71	74	70	114	186	
660	60.21666667	25.03333333	90	122	106	74	62	77	71	74	70	114	186	
661	60.21666667	25.03333333	90	122	106	74	62	77	71	74	70	114	186	
662	60.21666667	25.03333333	90	122	106	74	62	77	71	68	70	114	186	
762	60.21666667	25.03333333	90	124	106	74	62	77	71	74	74	114	166	
763	60.21666667	25.03333333	90	122	106	74	60	77	71	74	74	114	182	
764	60.21666667	25.03333333	90	122	106	74	62	77	71	74	70	114	182	
765	60.21666667	25.03333333	90	124	106	74	60	77	71	74	74	114	182	
766	60.21666667	25.03333333	90	122	106	74	60	77	71	71	70	114	186	
663	60.23333333	25.01666667	90	122	106	74	62	77	71	74	70	114	186	
664	60.23333333	25.01666667	90	122	106	74	62	77	71	74	70	114	186	
665	60.23333333	25.01666667	90	122	106	74	62	77	71	74	70	114	184	
666	60.23333333	25.01666667	90	124	106	76	62	77	71	74	70	114	186	
667	60.23333333	25.01666667	90	124	106	74	62	77	71	74	70	114	186	
668	60.23333333	25.01666667	90	124	106	74	62	77	69	74	70	114	186	
669	60.23333333	25.01666667	90	124	106	74	62	77	71	74	70	114	184	
670	60.23333333	25.01666667	90	126	106	76	62	77	71	74	70	114	184	
671	60.23333333	25.01666667	90	124	106	74	62	77	71	74	70	114	186	
672	60.23333333	25.01666667	90	122	106	74	62	77	71	74	70	114	186	
673	60.23333333	25.01666667	90	122	106	74	62	77	71	74	70	114	186	
674	60.23333333	25.01666667	90	122	106	74	62	77	71	74	70	114	186	
675	60.23333333	25.01666667	90	122	106	74	62	77	71	74	70	114	186	
676	60.23333333	25.01666667	90	122	106	74	62	77	71	74	70	114	186	
677	60.23333333	25.01666667	90	122	106	74	62	77	71	74	70	114	186	
678	60.23333333	25.01666667	91	122	106	74	62	77	71	74	70	114	186	
679	60.23333333	25.01666667	90	122	106	64	62	77	71	74	70	114	186	
680	60.23333333	25.01666667	90	122	106	72	62	77	71	74	70	114	186	
681	60.23333333	25.01666667	90	124	106	72	62	77	71	74	70	114	186	
682	60.23333333	25.01666667	90	122	106	74	62	77	71	74	70	114	188	
683	60.23333333	25.01666667	90	124	106	74	62	77	71	74	70	114	186	
684	60.23333333	25.01666667	91	124	106	72	62	77	71	74	70	114	184	
685	60.23333333	25.01666667	91	124	106	74	62	77	71	74	70	114	184	
686	60.23333333	25.01666667	91	122	106	74	62	77	69	74	70	114	188	
687	60.23333333	25.01666667	91	122	106	72	62	77	69	74	70	114	186	
688	60.23333333	25.01666667	91	122	106	74	62	77	69	74	70	114	186	
689	60.23333333	25.01666667	91	122	106	74	62	77	69	74	70	114	186	
690	60.23333333	25.01666667	91	124	106	74	62	77	71	74	70	114	186	
717	60.23333333	25.01666667	90	126	106	74	62	77	71	74	74	114	166	
718	60.23333333	25.01666667	90	122	106	74	62	77	71	74	74	114	166	
719	60.23333333	25.01666667	90	124	106	74	62	77	71	74	74	114	166	
720	60.23333333	25.01666667	90	122	106	74	62	77	71	74	74	114	166	
721	60.23333333	25.01666667	90	122	106	74	62	77	71	74	74	114	166	
722	60.23333333	25.01666667	90	122	106	74	62	77	71	74	74	114	166	
792	60.23333333	25.01666667	90	122	106	74	62	77	71	74	70	114	166	
793	60.23333333	25.01666667	90	122	106	74	62	77	71	71	70	114	166	
794	60.23333333	25.01666667	90	124	106	76	60	77	71	71	70	114	166	
795	60.23333333	25.01666667	90	124	106	74	64	77	71	74	74	114	166	
796	60.23333333	25.01666667	90	122	106	74	64	77	71	74	74	114	166	
724	60.23333333	24.76666667	91	120	106	74	60	77	71	74	74	114	166	
725	60.23333333	24.76666667	91	120	106	74	62	77	71	74	74	114	166	
726	60.23333333	24.76666667	91	122	106	74	66	77	71	74	74	114	166	
727	60.23333333	24.76666667	91	124	106	74	62	77	71	74	74	114	166	
728	60.23333333	24.76666667	91	122	106	74	62	77	71	74	74	114	166	
729	60.23333333	24.76666667	91	120	106	74	62	77	71	74	74	114	166	
730	60.23333333	24.76666667	90	120	106	74	62	77	71	74	74	114	166	
731	60.23333333	24.76666667	90	120	106	74	62	77	71	74	74	114	166	
732	60.23333333	24.76666667	90	120	106	74	62	77	71	74	74	114	166	
733	60.23333333	24.76666667	90	120	106	74	62	77	71	74	74	114	166	
734	60.23333333	24.76666667	91	120	106	74	62	77	71	74	74	114	166	
735	60.23333333	24.76666667	91	120	106	74	58	77	71	74	74	114	166	
736	60.23333333	24.76666667	91	120	106	74	62	77	71	74	74	114	166	
797	60.23333333	24.76666667	90	124	106	74	64	77	71	74	74	114	180	
798	60.23333333	24.76666667	90	124	106	74	62	77	69	71	74	114	180	
799	60.23333333	24.76666667	90	120	106	74	60	77	71	74	74	114	166	
800	60.23333333	24.76666667	90	124	106	74	62	77	71	71	74	114	172	
801	60.23333333	24.76666667	90	124	106	74	64	77	71	74	70	114	174	
802	60.15	24.96666667	90	122	106	74	64	77	71	71	70	114	164	
803	60.15	24.96666667	90	122	106	74	62	77	71	74	70	114	166	
804	60.15	24.96666667	90	122	106	74	64	77	71	74	74	114	186	
805	60.15	24.96666667	90	122	106	74	64	77	71	74	70	114	186	
806	60.15	24.96666667	90	122	106	74	62	77	71	71	74	114	166	
906	60.15	24.96666667	91	132	106	80	62	77	69	74	74	114	178	
907	60.15	24.96666667	91	132	106	80	62	77	69	74	74	114	178	
908	60.15	24.96666667	91	124	106	80	62	77	67	74	74	114	178	
909	60.15	24.96666667	90	128	106	80	62	77	69	74	74	114	178	
910	60.15	24.96666667	91	132	106	80	62	77	69	74	74	114	166	
911	60.15	24.96666667	91	132	106	80	62	77	69	74	74	114	176	
912	60.15	24.96666667	90	132	106	80	62	77	69	74	74	114	178	
913	60.15	24.96666667	91	134	106	78	62	77	69	74	74	114	178	
914	60.15	24.96666667	91	134	106	80	62	77	69	74	74	114	166	
915	60.15	24.96666667	90	134	102	80	62	73	61	74	74	123	178	
807	60.18333333	24.91666667	90	124	106	74	66	75	71	74	74	114	166	
808	60.18333333	24.91666667	90	124	106	74	62	77	71	74	74	114	166	
809	60.18333333	24.91666667	90	120	106	74	62	77	71	74	74	114	166	
810	60.18333333	24.91666667	90	122	106	74	62	77	71	74	74	114	166	
811	60.18333333	24.91666667	90	122	106	74	62	77	71	74	74	114	166	
926	60.18333333	24.91666667	91	132	106	82	62	77	69	74	74	114	178	
927	60.18333333	24.91666667	90	132	106	82	62	77	67	74	74	114	190	
928	60.18333333	24.91666667	91	132	102	82	62	77	69	74	74	114	166	
929	60.18333333	24.91666667	90	124	106	82	62	77	69	74	74	114	180	
930	60.18333333	24.91666667	90	132	102	82	62	77	69	74	74	114	166	
931	60.18333333	24.91666667	91	132	102	80	62	77	69	74	74	114	178	
932	60.18333333	24.91666667	90	134	106	80	62	77	69	74	74	114	178	
933	60.18333333	24.91666667	91	124	102	80	62	77	69	74	74	114	178	
934	60.18333333	24.91666667	90	134	106	80	62	77	69	74	74	114	178	
935	60.18333333	24.91666667	90	134	106	80	62	77	61	74	74	114	178	
812	60.18333333	24.95	90	122	106	74	68	77	71	74	74	114	182	
813	60.18333333	24.95	90	124	106	74	62	77	71	74	74	114	182	
814	60.18333333	24.95	90	124	106	74	62	77	71	74	74	114	166	
815	60.18333333	24.95	90	122	106	74	66	77	71	74	74	114	166	
816	60.18333333	24.95	90	122	106	74	62	77	71	74	74	114	166	
936	60.18333333	24.95	91	134	106	80	62	77	69	74	74	114	174	
937	60.18333333	24.95	91	134	106	80	62	77	69	74	74	123	166	
938	60.18333333	24.95	91	132	106	82	62	77	69	74	74	114	166	
939	60.18333333	24.95	90	132	106	82	62	77	69	74	74	114	166	
940	60.18333333	24.95	91	132	106	80	62	77	69	74	74	114	180	
941	60.18333333	24.95	91	132	106	80	62	77	69	74	74	114	178	
942	60.18333333	24.95	91	132	106	80	62	77	69	74	74	114	176	
943	60.18333333	24.95	90	134	102	80	62	77	69	74	74	114	166	
944	60.18333333	24.95	91	132	106	89	62	77	69	74	74	114	166	
945	60.18333333	24.95	91	126	106	80	62	77	69	74	74	114	166	
817	60.18333333	24.95	90	124	106	74	62	77	71	71	74	114	166	
818	60.18333333	24.95	90	124	106	74	62	73	71	74	74	114	166	
819	60.18333333	24.95	90	124	106	74	62	77	71	71	74	114	166	
820	60.18333333	24.95	90	124	106	74	68	77	71	74	74	114	166	
821	60.18333333	24.95	90	124	106	74	62	77	71	74	74	114	166	
916	60.18333333	24.95	90	136	102	78	60	77	69	74	74	114	176	
917	60.18333333	24.95	90	132	106	80	62	77	69	74	74	114	176	
918	60.18333333	24.95	90	134	102	80	62	77	69	74	74	114	164	
919	60.18333333	24.95	91	134	102	80	60	77	69	74	74	114	176	
920	60.18333333	24.95	90	132	102	82	62	77	69	74	74	114	178	
921	60.18333333	24.95	90	130	102	82	58	77	61	74	74	114	170	
922	60.18333333	24.95	90	132	102	74	62	77	69	74	74	114	178	
923	60.18333333	24.95	90	130	102	74	54	77	69	74	74	114	178	
924	60.18333333	24.95	90	132	102	74	54	77	61	74	74	114	176	
925	60.18333333	24.95	90	124	102	74	54	77	61	74	74	114	182	
946	61.85	24.3	91	132	106	74	54	77	69	74	74	114	170	
947	61.85	24.3	91	132	106	74	62	77	69	74	74	114	166	
948	61.85	24.3	90	134	106	74	54	77	69	74	74	114	178	
949	61.85	24.3	90	134	106	74	54	77	69	74	74	114	178	
950	61.85	24.3	90	132	106	74	54	77	69	74	74	114	178	
951	61.85	24.3	91	132	102	74	54	77	59	74	74	114	170	
952	61.85	24.3	91	132	106	74	54	77	59	74	74	114	166	
953	61.85	24.3	90	132	106	74	54	77	69	74	74	114	176	
954	61.85	24.3	91	132	106	74	54	77	69	74	74	114	178	
955	61.85	24.3	91	130	106	74	54	77	69	71	74	114	178	
956	61.85	24.3	91	130	102	76	54	77	59	71	74	114	178	
957	61.85	24.3	90	124	102	74	54	77	59	74	74	114	178	
958	61.85	24.3	91	134	106	76	62	77	69	74	74	114	176	
959	61.85	24.3	91	134	106	74	54	77	69	74	74	114	176	
960	61.85	24.3	91	136	102	74	54	77	69	74	74	114	178	
														
														
														
														
														
														
														
														
														
														
														
														
														
														
														
														
														
														
														
														
														
														
														
														
														
														
														
														
														